   1.2200000e-02   7.2000000e-03   1.2200000e-02   5.4000000e-03
   2.4400000e-02   1.4500000e-02   2.4400000e-02   1.0900000e-02
   3.6100000e-02   2.2200000e-02   3.6000000e-02   1.6300000e-02
   4.6600000e-02   3.0300000e-02   4.6300000e-02   2.1700000e-02
   5.5200000e-02   3.9100000e-02   5.4800000e-02   2.7000000e-02
   6.1200000e-02   4.8300000e-02   6.0500000e-02   3.2300000e-02
   6.4300000e-02   5.7600000e-02   6.3300000e-02   3.7300000e-02
   6.4900000e-02   6.6200000e-02   6.3500000e-02   4.2000000e-02
   6.3600000e-02   7.3400000e-02   6.1800000e-02   4.6400000e-02
   6.1100000e-02   7.8400000e-02   5.9000000e-02   5.0400000e-02
   5.8300000e-02   8.1100000e-02   5.6100000e-02   5.4200000e-02
   5.5300000e-02   8.1900000e-02   5.3300000e-02   5.7800000e-02
   5.2200000e-02   8.1400000e-02   5.0700000e-02   6.1200000e-02
   4.8900000e-02   8.0300000e-02   4.8300000e-02   6.4500000e-02
   4.5200000e-02   7.9000000e-02   4.5900000e-02   6.7300000e-02
   4.1100000e-02   7.7100000e-02   4.3100000e-02   6.8900000e-02
   3.6700000e-02   7.4000000e-02   3.9900000e-02   6.8400000e-02
   3.1900000e-02   6.8700000e-02   3.6000000e-02   6.5200000e-02
   2.6800000e-02   6.1000000e-02   3.1500000e-02   5.8900000e-02
   2.1600000e-02   5.0900000e-02   2.6200000e-02   4.9800000e-02
   1.6200000e-02   3.9200000e-02   2.0200000e-02   3.8700000e-02
   1.0800000e-02   2.6400000e-02   1.3800000e-02   2.6200000e-02
   5.4000000e-03   1.3200000e-02   7.0000000e-03   1.3200000e-02
