   7.5000000e-03   5.1000000e-03   7.6000000e-03   9.9000000e-03
   1.5000000e-02   1.0300000e-02   1.5400000e-02   1.9800000e-02
   2.2200000e-02   1.5400000e-02   2.3300000e-02   2.9700000e-02
   2.9200000e-02   2.0600000e-02   3.1400000e-02   3.9600000e-02
   3.6000000e-02   2.5900000e-02   3.9800000e-02   4.9400000e-02
   4.2400000e-02   3.1300000e-02   4.8400000e-02   5.8800000e-02
   4.8600000e-02   3.6900000e-02   5.6500000e-02   6.7600000e-02
   5.4800000e-02   4.2900000e-02   6.3500000e-02   7.4800000e-02
   6.1100000e-02   4.9200000e-02   6.8600000e-02   8.0000000e-02
   6.7400000e-02   5.5600000e-02   7.0900000e-02   8.2300000e-02
   7.3400000e-02   6.1900000e-02   7.0300000e-02   8.1600000e-02
   7.8400000e-02   6.7000000e-02   6.7000000e-02   7.8400000e-02
   8.1600000e-02   7.0300000e-02   6.1900000e-02   7.3400000e-02
   8.2300000e-02   7.0900000e-02   5.5600000e-02   6.7400000e-02
   8.0000000e-02   6.8600000e-02   4.9200000e-02   6.1100000e-02
   7.4800000e-02   6.3500000e-02   4.2900000e-02   5.4800000e-02
   6.7600000e-02   5.6500000e-02   3.6900000e-02   4.8600000e-02
   5.8800000e-02   4.8400000e-02   3.1300000e-02   4.2400000e-02
   4.9400000e-02   3.9800000e-02   2.5900000e-02   3.6000000e-02
   3.9600000e-02   3.1400000e-02   2.0600000e-02   2.9200000e-02
   2.9700000e-02   2.3300000e-02   1.5400000e-02   2.2200000e-02
   1.9800000e-02   1.5400000e-02   1.0300000e-02   1.5000000e-02
   9.9000000e-03   7.6000000e-03   5.1000000e-03   7.5000000e-03
