   1.0000000e+00  -4.7544102e-02
   2.0000000e+00  -3.5818934e-01
   3.0000000e+00  -1.6337087e-01
   4.0000000e+00   3.8159449e-02
   5.0000000e+00   7.0906918e-02
   6.0000000e+00   2.8941253e-02
   7.0000000e+00  -9.6445779e-03
   8.0000000e+00  -1.7336475e-02
   9.0000000e+00  -1.5846866e-02
   1.0000000e+01  -6.1130033e-03
   1.1000000e+01   2.0263085e-02
   1.2000000e+01   1.8208852e-02
   1.3000000e+01   2.8005184e-04
   1.4000000e+01  -4.9053394e-03
   1.5000000e+01  -1.1310829e-02
   1.6000000e+01  -4.4528138e-03
   1.7000000e+01  -1.5203377e-03
   1.8000000e+01   6.9764740e-03
   1.9000000e+01   6.8122800e-03
   2.0000000e+01   7.9490800e-04
   2.1000000e+01  -5.5919185e-03
   2.2000000e+01  -9.8790244e-03
   2.3000000e+01   3.2477537e-04
   2.4000000e+01   9.9919650e-03
   2.5000000e+01   1.9896299e-03
   2.6000000e+01  -2.4906590e-03
   2.7000000e+01   1.8619822e-03
   2.8000000e+01   1.2501632e-03
   2.9000000e+01  -8.0268101e-03
   3.0000000e+01   7.2879882e-03
   3.1000000e+01   5.0554223e-03
   3.2000000e+01  -1.1905658e-02
   3.3000000e+01  -9.8572812e-03
   3.4000000e+01   3.5592898e-03
   3.5000000e+01   1.1045718e-02
   3.6000000e+01   2.3064403e-03
   3.7000000e+01   3.4777280e-03
   3.8000000e+01  -5.0337646e-03
   3.9000000e+01  -1.1342817e-02
   4.0000000e+01   5.6775329e-04
   4.1000000e+01  -3.3472656e-03
   4.2000000e+01   8.5990938e-03
   4.3000000e+01   7.7918040e-03
   4.4000000e+01  -7.1976182e-03
   4.5000000e+01   5.7123341e-03
   4.6000000e+01   5.0486920e-03
   4.7000000e+01  -1.2029817e-02
   4.8000000e+01  -3.0234547e-03
   4.9000000e+01   3.0371551e-03
   5.0000000e+01   2.5534255e-03
   5.1000000e+01   4.9049331e-04
   5.2000000e+01   9.3384922e-04
   5.3000000e+01   3.8201787e-03
   5.4000000e+01   3.0066077e-03
   5.5000000e+01   3.3063046e-03
   5.6000000e+01  -1.7042659e-02
   5.7000000e+01  -6.9025976e-03
   5.8000000e+01   1.1870258e-02
   5.9000000e+01  -2.5106440e-03
   6.0000000e+01   3.2741571e-03
   6.1000000e+01   1.2330093e-02
   6.2000000e+01  -8.3679776e-03
   6.3000000e+01  -1.1251053e-02
   6.4000000e+01  -8.1683357e-04
   6.5000000e+01   1.2044221e-02
   6.6000000e+01   4.8224768e-03
   6.7000000e+01  -7.8373584e-03
   6.8000000e+01  -1.0201192e-02
   6.9000000e+01   2.3683196e-03
   7.0000000e+01   5.5290124e-03
   7.1000000e+01   4.5630484e-04
   7.2000000e+01  -5.3426562e-04
   7.3000000e+01  -2.9930183e-03
   7.4000000e+01   6.1906131e-03
   7.5000000e+01  -1.2769434e-02
   7.6000000e+01   2.7575535e-03
   7.7000000e+01   8.5138963e-03
   7.8000000e+01  -4.4083206e-03
   7.9000000e+01  -1.5083377e-03
   8.0000000e+01   2.9823746e-03
   8.1000000e+01  -1.6703393e-03
   8.2000000e+01   1.4589887e-03
   8.3000000e+01   1.1966850e-03
   8.4000000e+01  -1.0925201e-02
   8.5000000e+01   2.3680247e-03
   8.6000000e+01   1.0197408e-02
   8.7000000e+01   5.3657079e-03
   8.8000000e+01  -9.8922548e-04
   8.9000000e+01  -1.0208157e-02
   9.0000000e+01  -1.6400357e-03
   9.1000000e+01  -1.0203816e-02
   9.2000000e+01   1.1552961e-02
   9.3000000e+01   1.0361647e-02
   9.4000000e+01   8.4937618e-03
   9.5000000e+01  -1.9178355e-03
   9.6000000e+01  -2.3922954e-02
   9.7000000e+01  -1.5945181e-02
   9.8000000e+01   8.2529656e-03
   9.9000000e+01   2.6225843e-02
   1.0000000e+02   6.6039690e-03
   1.0100000e+02  -8.3622764e-03
   1.0200000e+02  -1.3217347e-02
   1.0300000e+02  -1.9626194e-03
   1.0400000e+02   7.2466910e-03
   1.0500000e+02   9.5969138e-04
   1.0600000e+02   1.3525866e-02
   1.0700000e+02  -1.0432033e-02
   1.0800000e+02  -1.9173961e-03
   1.0900000e+02   2.9399661e-03
   1.1000000e+02  -1.4103995e-02
   1.1100000e+02   5.8179698e-03
   1.1200000e+02   2.3531008e-03
   1.1300000e+02  -2.8447442e-03
   1.1400000e+02   2.7993286e-03
   1.1500000e+02   7.5590766e-03
   1.1600000e+02   3.1823157e-03
   1.1700000e+02  -8.5500639e-03
   1.1800000e+02   2.0517368e-03
   1.1900000e+02   1.0739345e-02
   1.2000000e+02  -8.4107289e-03
   1.2100000e+02  -1.3758052e-02
   1.2200000e+02  -7.0965941e-03
   1.2300000e+02   5.4725094e-03
   1.2400000e+02   2.4981512e-02
   1.2500000e+02   6.6760871e-03
   1.2600000e+02  -2.2496944e-02
   1.2700000e+02  -2.3820016e-02
   1.2800000e+02   1.6096578e-02
   1.2900000e+02   3.6371524e-02
   1.3000000e+02  -9.6922412e-04
   1.3100000e+02  -2.2225973e-02
   1.3200000e+02  -2.0644062e-02
   1.3300000e+02   1.2491782e-02
   1.3400000e+02   1.2265748e-02
   1.3500000e+02   1.0540647e-02
   1.3600000e+02  -1.4821620e-02
   1.3700000e+02  -5.5378056e-03
   1.3800000e+02  -1.5842561e-03
   1.3900000e+02   1.7193325e-02
   1.4000000e+02  -5.1853702e-03
   1.4100000e+02  -1.0688459e-02
   1.4200000e+02  -6.1323076e-03
   1.4300000e+02   1.8644618e-02
   1.4400000e+02   1.1131172e-02
   1.4500000e+02  -1.3936360e-02
   1.4600000e+02  -1.4641006e-02
   1.4700000e+02  -6.7881912e-03
   1.4800000e+02   2.3497967e-02
   1.4900000e+02   1.7801262e-02
   1.5000000e+02  -2.1631546e-02
   1.5100000e+02  -3.0051906e-02
   1.5200000e+02   7.3337859e-03
   1.5300000e+02   2.9391032e-02
   1.5400000e+02   1.0968268e-02
   1.5500000e+02  -2.4155469e-02
   1.5600000e+02  -1.9807607e-02
   1.5700000e+02   1.5671875e-02
   1.5800000e+02   4.8928090e-03
   1.5900000e+02  -2.2375386e-03
   1.6000000e+02   9.7493663e-03
   1.6100000e+02  -1.2848292e-02
   1.6200000e+02  -6.5423314e-04
   1.6300000e+02   1.0925171e-02
   1.6400000e+02   3.6390620e-03
   1.6500000e+02  -2.4152558e-02
   1.6600000e+02   3.4546319e-03
   1.6700000e+02   3.5934815e-02
   1.6800000e+02  -1.7741698e-02
   1.6900000e+02   9.5447781e-04
   1.7000000e+02   9.0366388e-04
   1.7100000e+02  -1.4679935e-02
   1.7200000e+02  -1.6638468e-02
   1.7300000e+02   1.3754658e-02
   1.7400000e+02   3.5978482e-02
   1.7500000e+02  -1.5736231e-02
   1.7600000e+02  -1.5861691e-02
   1.7700000e+02  -1.2726458e-02
   1.7800000e+02   2.8965287e-02
   1.7900000e+02   6.7817372e-03
   1.8000000e+02  -1.5783512e-02
   1.8100000e+02  -4.2687865e-03
   1.8200000e+02   4.6148980e-03
   1.8300000e+02   2.0366177e-02
   1.8400000e+02  -8.9626573e-03
   1.8500000e+02  -2.6993150e-02
   1.8600000e+02   6.9912906e-03
   1.8700000e+02   2.9384387e-02
   1.8800000e+02  -1.5839962e-02
   1.8900000e+02  -3.2444212e-03
   1.9000000e+02   1.2731376e-02
   1.9100000e+02  -3.0707812e-02
   1.9200000e+02   8.2691436e-03
   1.9300000e+02   2.3051195e-02
   1.9400000e+02   4.6234193e-03
   1.9500000e+02  -2.0208683e-02
   1.9600000e+02  -8.9084247e-03
   1.9700000e+02   4.2440827e-03
   1.9800000e+02   1.4877309e-02
   1.9900000e+02  -2.0923137e-03
   2.0000000e+02  -1.1155217e-02
   2.0100000e+02   2.8314211e-02
   2.0200000e+02  -6.3818141e-05
   2.0300000e+02  -2.3896641e-02
   2.0400000e+02  -1.1699140e-02
   2.0500000e+02   1.3018803e-02
   2.0600000e+02  -2.0325805e-04
   2.0700000e+02   1.4113756e-03
   2.0800000e+02   5.2355692e-03
   2.0900000e+02   4.4264401e-02
   2.1000000e+02  -3.4306238e-02
   2.1100000e+02  -2.7140823e-02
   2.1200000e+02  -5.6959081e-03
   2.1300000e+02   1.2498803e-02
   2.1400000e+02   3.1589224e-02
   2.1500000e+02  -4.7069388e-03
   2.1600000e+02  -1.9664411e-02
   2.1700000e+02  -4.1261429e-03
   2.1800000e+02   1.8591877e-02
   2.1900000e+02   3.1208214e-04
   2.2000000e+02   9.9671035e-03
   2.2100000e+02  -2.4711438e-02
   2.2200000e+02  -3.2995885e-04
   2.2300000e+02  -1.2505869e-02
   2.2400000e+02   2.1842788e-03
   2.2500000e+02   2.9563550e-02
   2.2600000e+02   4.8513217e-03
   2.2700000e+02  -3.3110336e-03
   2.2800000e+02  -3.0777510e-02
   2.2900000e+02  -4.9874168e-02
   2.3000000e+02   1.7635387e-02
   2.3100000e+02   6.1255583e-02
   2.3200000e+02   6.2681732e-03
   2.3300000e+02  -3.1361397e-02
   2.3400000e+02  -3.7108211e-02
   2.3500000e+02   3.4186924e-02
   2.3600000e+02   1.7893190e-03
   2.3700000e+02   2.5204288e-02
   2.3800000e+02  -1.0238799e-02
   2.3900000e+02  -2.9089637e-02
   2.4000000e+02   1.9966826e-02
   2.4100000e+02   1.0509970e-02
   2.4200000e+02  -2.9693434e-02
   2.4300000e+02   2.5635395e-02
   2.4400000e+02   4.8402934e-02
   2.4500000e+02  -2.4441953e-02
   2.4600000e+02  -3.9993609e-02
   2.4700000e+02   2.7965992e-03
   2.4800000e+02   1.9428604e-02
   2.4900000e+02   1.6477726e-02
   2.5000000e+02  -2.9740290e-02
   2.5100000e+02   1.8740308e-03
   2.5200000e+02   3.1819188e-02
   2.5300000e+02   1.3243916e-02
   2.5400000e+02   8.6699719e-03
   2.5500000e+02  -2.7470208e-02
   2.5600000e+02  -1.4959669e-02
   2.5700000e+02  -1.4749033e-02
   2.5800000e+02  -1.4755187e-02
   2.5900000e+02  -1.5940015e-02
   2.6000000e+02  -5.0392405e-02
   2.6100000e+02   1.3473490e-01
   2.6200000e+02   6.4479354e-02
   2.6300000e+02  -1.0675102e-01
   2.6400000e+02  -4.6049513e-02
   2.6500000e+02   3.3457168e-02
   2.6600000e+02  -5.5707301e-02
   2.6700000e+02  -7.3852941e-03
   2.6800000e+02   8.4851508e-02
   2.6900000e+02   1.8743423e-02
   2.7000000e+02  -4.5204973e-03
   2.7100000e+02  -3.9753623e-02
   2.7200000e+02  -1.4952055e-02
   2.7300000e+02  -4.2662624e-02
   2.7400000e+02   2.7342036e-02
   2.7500000e+02  -4.4284240e-02
   2.7600000e+02   1.6770615e-02
   2.7700000e+02   8.6022322e-02
   2.7800000e+02   8.7028538e-02
   2.7900000e+02  -1.8578678e-02
   2.8000000e+02  -1.0021036e-01
   2.8100000e+02  -1.2877644e-01
   2.8200000e+02   6.1942853e-02
   2.8300000e+02   1.4436961e-01
   2.8400000e+02  -6.6585762e-02
   2.8500000e+02  -7.8261661e-02
   2.8600000e+02   1.1567946e-01
   2.8700000e+02   1.2416178e-01
   2.8800000e+02  -2.3559750e-01
   2.8900000e+02  -4.3455539e-02
   2.9000000e+02   5.1146943e-02
   2.9100000e+02   6.0792407e-02
   2.9200000e+02   2.3518559e-01
   2.9300000e+02  -1.4355393e-01
   2.9400000e+02  -3.7133994e-01
   2.9500000e+02   6.7467129e-02
   2.9600000e+02   3.2417082e-01
   2.9700000e+02   1.6225883e-01
   2.9800000e+02   5.8747290e-01
   2.9900000e+02  -2.2808349e+00
