   1.0000000e+00  -1.0772665e+00
   2.0000000e+00  -8.5986382e-02
   3.0000000e+00   6.9209400e-01
   4.0000000e+00   6.4887040e-01
   5.0000000e+00   1.2311705e-01
   6.0000000e+00  -3.4431552e-01
   7.0000000e+00  -3.5915237e-01
   8.0000000e+00  -8.8649673e-02
   9.0000000e+00   1.5908372e-01
   1.0000000e+01   2.0852721e-01
   1.1000000e+01   6.3758970e-02
   1.2000000e+01  -7.6858936e-02
   1.3000000e+01  -1.0303830e-01
   1.4000000e+01  -4.5449319e-02
   1.5000000e+01   2.8359027e-02
   1.6000000e+01   4.6286154e-02
   1.7000000e+01   2.7926328e-02
   1.8000000e+01  -1.1477818e-02
   1.9000000e+01  -2.8553459e-02
   2.0000000e+01  -2.7927197e-04
   2.1000000e+01   1.7281164e-02
   2.2000000e+01   1.0224081e-02
   2.3000000e+01   4.1755111e-03
   2.4000000e+01  -2.4966335e-02
   2.5000000e+01  -3.4547964e-02
   2.6000000e+01  -1.6210561e-02
   2.7000000e+01  -3.3174316e-04
   2.8000000e+01   9.3511051e-03
   2.9000000e+01   1.7318405e-02
   3.0000000e+01   8.9393694e-03
   3.1000000e+01  -2.1991625e-02
   3.2000000e+01  -2.1643754e-02
   3.3000000e+01   1.2829794e-02
   3.4000000e+01   1.1509693e-02
   3.5000000e+01  -2.1012663e-02
   3.6000000e+01  -3.9463579e-02
   3.7000000e+01  -2.7992243e-02
   3.8000000e+01   1.1342728e-02
   3.9000000e+01   1.8578697e-02
   4.0000000e+01   1.4825182e-02
   4.1000000e+01  -3.5373787e-03
   4.2000000e+01  -1.6048828e-02
   4.3000000e+01   4.1588788e-03
   4.4000000e+01  -6.3399899e-03
   4.5000000e+01  -1.4182706e-02
   4.6000000e+01  -9.1756923e-03
   4.7000000e+01   1.0940797e-02
   4.8000000e+01   2.3470358e-02
   4.9000000e+01  -9.8679514e-03
   5.0000000e+01  -9.8930016e-03
   5.1000000e+01  -1.5751608e-02
   5.2000000e+01  -5.1131931e-03
   5.3000000e+01  -1.4455398e-02
   5.4000000e+01  -5.5637796e-03
   5.5000000e+01  -5.6098426e-03
   5.6000000e+01  -5.1207572e-03
   5.7000000e+01   1.5137045e-02
   5.8000000e+01   2.2209602e-02
   5.9000000e+01   1.2637744e-02
   6.0000000e+01  -1.7065358e-02
   6.1000000e+01  -3.0719330e-02
   6.2000000e+01  -9.9241920e-03
   6.3000000e+01  -1.0099189e-02
   6.4000000e+01   4.9559948e-03
   6.5000000e+01   6.2395020e-04
   6.6000000e+01   4.8509009e-03
   6.7000000e+01  -1.1133841e-02
   6.8000000e+01  -9.2071745e-03
   6.9000000e+01  -2.0089303e-02
   7.0000000e+01  -3.5272799e-03
   7.1000000e+01   4.8634088e-03
   7.2000000e+01  -8.8432078e-03
   7.3000000e+01  -7.1756615e-03
   7.4000000e+01  -8.7631195e-04
   7.5000000e+01  -4.8441830e-03
   7.6000000e+01   7.7202112e-03
   7.7000000e+01  -1.2319450e-03
   7.8000000e+01  -2.0860216e-02
   7.9000000e+01  -1.5775245e-02
   8.0000000e+01  -1.0445178e-02
   8.1000000e+01  -1.9728869e-03
   8.2000000e+01  -8.8704414e-03
   8.3000000e+01   6.9430214e-03
   8.4000000e+01  -6.9103779e-03
   8.5000000e+01  -4.9449407e-03
   8.6000000e+01  -4.8816633e-03
   8.7000000e+01   6.2118346e-03
   8.8000000e+01  -3.9473448e-03
   8.9000000e+01   1.1276209e-03
   9.0000000e+01   9.3211938e-03
   9.1000000e+01   2.8138836e-03
   9.2000000e+01  -6.3624785e-03
   9.3000000e+01  -2.0304429e-03
   9.4000000e+01  -7.5211910e-04
   9.5000000e+01   2.0702550e-02
   9.6000000e+01   1.2364880e-02
   9.7000000e+01  -2.1239907e-02
   9.8000000e+01  -1.3037304e-02
   9.9000000e+01   4.1375957e-03
   1.0000000e+02   8.3867010e-04
   1.0100000e+02  -4.3114825e-03
   1.0200000e+02   4.5731427e-03
   1.0300000e+02  -6.4141928e-03
   1.0400000e+02  -9.4620082e-03
   1.0500000e+02  -1.5577103e-03
   1.0600000e+02  -7.7483036e-03
   1.0700000e+02   1.3103302e-03
   1.0800000e+02   3.0358049e-03
   1.0900000e+02   2.0423797e-02
   1.1000000e+02   1.3189892e-02
   1.1100000e+02  -7.2317411e-03
   1.1200000e+02  -4.3466644e-03
   1.1300000e+02  -8.0698793e-03
   1.1400000e+02   9.7311226e-03
   1.1500000e+02  -6.8580260e-03
   1.1600000e+02   5.7409947e-03
   1.1700000e+02   6.8263472e-03
   1.1800000e+02   9.2547672e-03
   1.1900000e+02  -3.3079352e-03
   1.2000000e+02   9.2471203e-04
   1.2100000e+02  -1.5354516e-03
   1.2200000e+02   2.8972621e-03
   1.2300000e+02  -4.9246485e-03
   1.2400000e+02   4.4539685e-03
   1.2500000e+02   2.3849663e-03
   1.2600000e+02   8.7622567e-03
   1.2700000e+02   9.7238562e-03
   1.2800000e+02  -8.2748699e-03
   1.2900000e+02  -2.2422699e-02
   1.3000000e+02  -2.1106242e-02
   1.3100000e+02  -1.0384497e-02
   1.3200000e+02  -3.4663579e-03
   1.3300000e+02  -1.4202519e-03
   1.3400000e+02   2.2994821e-03
   1.3500000e+02  -4.9130906e-03
   1.3600000e+02   6.7310913e-03
   1.3700000e+02   7.6508614e-03
   1.3800000e+02   1.4158050e-02
   1.3900000e+02   7.2560588e-03
   1.4000000e+02   3.4226284e-03
   1.4100000e+02   1.4502667e-03
   1.4200000e+02  -1.1898824e-02
   1.4300000e+02  -1.4373721e-02
   1.4400000e+02  -4.4576892e-03
   1.4500000e+02   3.8178070e-03
   1.4600000e+02   1.5336093e-02
   1.4700000e+02   4.5627117e-03
   1.4800000e+02  -1.4391078e-02
   1.4900000e+02  -9.1018708e-03
   1.5000000e+02   1.7151048e-03
   1.5100000e+02   3.2354603e-02
   1.5200000e+02   3.1801882e-02
   1.5300000e+02   1.0573138e-02
   1.5400000e+02  -2.6865487e-03
   1.5500000e+02  -1.5288975e-02
   1.5600000e+02  -2.6920251e-02
   1.5700000e+02   3.4953128e-03
   1.5800000e+02   1.5824774e-02
   1.5900000e+02   2.9446897e-02
   1.6000000e+02   1.8642570e-02
   1.6100000e+02   4.0266108e-03
   1.6200000e+02  -1.5015087e-02
   1.6300000e+02  -4.7163886e-03
   1.6400000e+02  -2.3030404e-03
   1.6500000e+02   6.8827431e-03
   1.6600000e+02   4.7436299e-03
   1.6700000e+02   3.9014681e-03
   1.6800000e+02   2.2098343e-02
   1.6900000e+02   7.1223771e-03
   1.7000000e+02  -8.7892028e-03
   1.7100000e+02   8.6175119e-04
   1.7200000e+02  -5.1550017e-03
   1.7300000e+02  -1.0189261e-03
   1.7400000e+02  -1.1346060e-02
   1.7500000e+02  -8.4119289e-04
   1.7600000e+02   8.7654434e-03
   1.7700000e+02   1.3193450e-02
   1.7800000e+02   3.8450421e-03
   1.7900000e+02   1.4508872e-03
   1.8000000e+02  -8.7563243e-03
   1.8100000e+02  -2.3094872e-02
   1.8200000e+02  -1.4564242e-02
   1.8300000e+02   1.0626503e-02
   1.8400000e+02   3.0980819e-02
   1.8500000e+02   2.4785890e-02
   1.8600000e+02  -6.1630887e-03
   1.8700000e+02  -1.5602201e-02
   1.8800000e+02  -2.2828308e-02
   1.8900000e+02   1.3337821e-03
   1.9000000e+02   1.6307123e-02
   1.9100000e+02  -1.8268515e-03
   1.9200000e+02  -9.7937687e-03
   1.9300000e+02   8.0031636e-03
   1.9400000e+02  -1.2302542e-02
   1.9500000e+02  -1.2931883e-02
   1.9600000e+02  -2.0085932e-02
   1.9700000e+02  -1.3167499e-02
   1.9800000e+02  -1.3193462e-02
   1.9900000e+02   6.5080777e-03
   2.0000000e+02   1.5819350e-03
   2.0100000e+02   2.9027899e-03
   2.0200000e+02   5.5998278e-03
   2.0300000e+02  -1.7780027e-03
   2.0400000e+02   2.7953906e-03
   2.0500000e+02  -1.5259122e-03
   2.0600000e+02  -4.1304713e-03
   2.0700000e+02   1.1655876e-03
   2.0800000e+02   1.2138308e-02
   2.0900000e+02   3.2864620e-03
   2.1000000e+02   1.3778183e-02
   2.1100000e+02  -9.6834725e-03
   2.1200000e+02  -3.1502842e-02
   2.1300000e+02  -1.3712646e-02
   2.1400000e+02  -1.7145162e-02
   2.1500000e+02  -2.5101010e-02
   2.1600000e+02  -5.0286704e-03
   2.1700000e+02   1.1281643e-02
   2.1800000e+02   9.4022098e-03
   2.1900000e+02  -1.4065744e-03
   2.2000000e+02  -2.1132012e-03
   2.2100000e+02  -7.7134293e-03
   2.2200000e+02  -1.6152840e-03
   2.2300000e+02  -1.9000916e-03
   2.2400000e+02  -3.3287322e-03
   2.2500000e+02   1.6891526e-02
   2.2600000e+02   2.8842405e-02
   2.2700000e+02   1.1426798e-02
   2.2800000e+02  -1.6055074e-04
   2.2900000e+02   1.4434019e-03
   2.3000000e+02  -1.7934648e-02
   2.3100000e+02  -3.3610985e-02
   2.3200000e+02   6.6642507e-04
   2.3300000e+02   1.6469385e-02
   2.3400000e+02   1.9960168e-03
   2.3500000e+02   2.2463152e-03
   2.3600000e+02   3.6567561e-03
   2.3700000e+02   1.9496867e-02
   2.3800000e+02   5.7966150e-03
   2.3900000e+02  -6.6043125e-03
   2.4000000e+02  -2.1496414e-02
   2.4100000e+02  -3.5850271e-02
   2.4200000e+02  -1.6205947e-02
   2.4300000e+02   2.0599877e-02
   2.4400000e+02   1.3856159e-02
   2.4500000e+02   6.4351149e-03
   2.4600000e+02  -2.1374074e-02
   2.4700000e+02  -1.8008084e-03
   2.4800000e+02   1.7398140e-02
   2.4900000e+02   6.0236987e-03
   2.5000000e+02  -1.2902953e-02
   2.5100000e+02  -3.1415783e-03
   2.5200000e+02   1.1870069e-02
   2.5300000e+02   1.9338107e-02
   2.5400000e+02   6.7643478e-03
   2.5500000e+02  -2.9075733e-03
   2.5600000e+02  -3.8638596e-03
   2.5700000e+02  -6.9547452e-03
   2.5800000e+02   1.8085509e-02
   2.5900000e+02   2.9892200e-03
   2.6000000e+02  -1.0178955e-02
   2.6100000e+02  -1.0313581e-02
   2.6200000e+02  -1.6959444e-03
   2.6300000e+02  -5.6984603e-03
   2.6400000e+02  -1.2485651e-02
   2.6500000e+02  -1.1259185e-02
   2.6600000e+02  -3.7312294e-03
   2.6700000e+02   4.7760617e-03
   2.6800000e+02  -6.5541357e-03
   2.6900000e+02  -1.1004411e-02
   2.7000000e+02  -9.2602409e-03
   2.7100000e+02  -9.9895497e-03
   2.7200000e+02   1.0788583e-02
   2.7300000e+02   1.6189652e-02
   2.7400000e+02   3.5009088e-03
   2.7500000e+02   9.5123620e-03
   2.7600000e+02   1.1133888e-02
   2.7700000e+02   1.3788801e-04
   2.7800000e+02   4.2484752e-03
   2.7900000e+02  -2.9010120e-03
   2.8000000e+02  -7.6657764e-03
   2.8100000e+02  -1.2425653e-02
   2.8200000e+02   1.0433898e-02
   2.8300000e+02   2.6729846e-02
   2.8400000e+02   2.3722035e-02
   2.8500000e+02  -1.0332795e-03
   2.8600000e+02  -1.6114673e-03
   2.8700000e+02  -7.4435888e-03
   2.8800000e+02  -8.1447242e-04
   2.8900000e+02   2.1491166e-03
   2.9000000e+02  -1.1582081e-03
   2.9100000e+02   1.6960316e-03
   2.9200000e+02   3.2883795e-03
   2.9300000e+02  -8.7936410e-03
   2.9400000e+02  -4.3900800e-03
   2.9500000e+02   2.6326157e-02
   2.9600000e+02   2.1788272e-02
   2.9700000e+02   1.7881563e-02
   2.9800000e+02  -2.0140416e-03
   2.9900000e+02  -1.6261786e-02
   3.0000000e+02  -1.3996059e-02
