   1.0000000e+00   2.4643119e-03
   2.0000000e+00  -3.5294236e-03
   3.0000000e+00  -4.6847979e-03
   4.0000000e+00  -1.7497220e-03
   5.0000000e+00   1.6527840e-03
   6.0000000e+00   2.5255972e-03
   7.0000000e+00   1.1134493e-03
   8.0000000e+00  -7.0614599e-04
   9.0000000e+00  -1.3501693e-03
   1.0000000e+01  -6.3894584e-04
   1.1000000e+01   3.1074308e-04
   1.2000000e+01   6.6597289e-04
   1.3000000e+01   3.7077539e-04
   1.4000000e+01  -1.4121288e-04
   1.5000000e+01  -3.6540850e-04
   1.6000000e+01  -2.1368655e-04
   1.7000000e+01   1.4363215e-04
   1.8000000e+01   3.1189877e-04
   1.9000000e+01   1.4272994e-04
   2.0000000e+01  -1.1242824e-04
   2.1000000e+01  -2.6200697e-04
   2.2000000e+01  -2.1304744e-04
   2.3000000e+01   6.2078313e-05
   2.4000000e+01   2.4856797e-04
   2.5000000e+01   2.0695590e-04
   2.6000000e+01   2.6120909e-05
   2.7000000e+01  -1.5366708e-04
   2.8000000e+01  -1.6494074e-04
   2.9000000e+01   5.3805496e-05
   3.0000000e+01   2.4684024e-04
   3.1000000e+01   7.1524721e-05
   3.2000000e+01  -2.5263671e-04
   3.3000000e+01  -2.3520360e-04
   3.4000000e+01   3.8050917e-05
   3.5000000e+01   2.4357624e-04
   3.6000000e+01   1.9381950e-04
   3.7000000e+01  -3.4539476e-06
   3.8000000e+01  -7.0834260e-05
   3.9000000e+01  -6.5090225e-05
   4.0000000e+01  -2.2739489e-05
   4.1000000e+01  -4.1767254e-05
   4.2000000e+01  -7.6801129e-05
   4.3000000e+01   8.7806447e-05
   4.4000000e+01   1.6561815e-04
   4.5000000e+01   6.1269637e-05
   4.6000000e+01  -1.2150610e-04
   4.7000000e+01  -1.2525247e-04
   4.8000000e+01   5.5745136e-05
   4.9000000e+01   5.7710868e-05
   5.0000000e+01   1.2172091e-05
   5.1000000e+01  -8.3448476e-05
   5.2000000e+01  -2.7716911e-05
   5.3000000e+01   5.9754567e-05
   5.4000000e+01   1.8774972e-04
   5.5000000e+01   1.5725870e-04
   5.6000000e+01  -7.3979668e-05
   5.7000000e+01  -2.3115469e-04
   5.8000000e+01  -1.7986517e-04
   5.9000000e+01   3.3142510e-05
   6.0000000e+01   1.3440646e-04
   6.1000000e+01   9.7001195e-05
   6.2000000e+01   7.7946180e-05
   6.3000000e+01  -4.5350343e-05
   6.4000000e+01  -9.4043778e-05
   6.5000000e+01  -8.8504529e-05
   6.6000000e+01   4.2088189e-05
   6.7000000e+01   8.4355495e-05
   6.8000000e+01   9.1839130e-05
   6.9000000e+01  -4.3623442e-05
   7.0000000e+01  -6.8596285e-05
   7.1000000e+01   3.7536335e-05
   7.2000000e+01   7.5427452e-05
   7.3000000e+01   4.5917257e-05
   7.4000000e+01  -2.3445356e-05
   7.5000000e+01  -1.2988744e-04
   7.6000000e+01  -6.0948037e-05
   7.7000000e+01   5.2542465e-05
   7.8000000e+01   6.2838866e-05
   7.9000000e+01   5.4971960e-05
   8.0000000e+01   1.8560734e-05
   8.1000000e+01  -1.1472181e-05
   8.2000000e+01  -8.7312792e-05
   8.3000000e+01   4.2592504e-08
   8.4000000e+01   3.1567426e-05
   8.5000000e+01   5.8063228e-05
   8.6000000e+01   3.7753903e-05
   8.7000000e+01   3.4117334e-05
   8.8000000e+01  -8.5394189e-05
   8.9000000e+01  -1.3670780e-04
   9.0000000e+01  -2.0075130e-06
   9.1000000e+01   1.4439724e-04
   9.2000000e+01   1.2620187e-04
   9.3000000e+01  -2.0274432e-05
   9.4000000e+01  -2.0992509e-04
   9.5000000e+01  -1.0812571e-04
   9.6000000e+01   9.4006149e-05
   9.7000000e+01   5.5264737e-05
   9.8000000e+01   2.8578537e-06
   9.9000000e+01   4.4838610e-05
   1.0000000e+02   1.2660281e-05
   1.0100000e+02  -8.0204427e-05
   1.0200000e+02  -6.1278395e-05
   1.0300000e+02  -4.7149957e-05
   1.0400000e+02   1.4389655e-05
   1.0500000e+02   1.4125526e-04
   1.0600000e+02   1.2489672e-04
   1.0700000e+02   1.4372252e-05
   1.0800000e+02  -1.6425102e-04
   1.0900000e+02  -1.1317775e-04
   1.1000000e+02   1.4454297e-05
   1.1100000e+02   4.1182519e-05
   1.1200000e+02   5.0171788e-05
   1.1300000e+02  -7.1509440e-06
   1.1400000e+02   5.8726537e-05
   1.1500000e+02  -3.3894634e-05
   1.1600000e+02  -3.7563866e-05
   1.1700000e+02  -1.0290472e-05
   1.1800000e+02   3.4275999e-05
   1.1900000e+02  -4.6051024e-05
   1.2000000e+02  -6.1619620e-05
   1.2100000e+02  -8.7646187e-06
   1.2200000e+02   1.0920335e-04
   1.2300000e+02   1.0480131e-04
   1.2400000e+02   2.5427088e-05
   1.2500000e+02  -1.6193194e-04
   1.2600000e+02  -2.2411651e-04
   1.2700000e+02  -5.3958061e-05
   1.2800000e+02   1.1010228e-04
   1.2900000e+02   1.4655112e-04
   1.3000000e+02   7.9258151e-05
   1.3100000e+02   8.5306957e-07
   1.3200000e+02  -6.1860441e-05
   1.3300000e+02  -3.4555882e-05
   1.3400000e+02   8.2822398e-05
   1.3500000e+02   1.0217758e-04
   1.3600000e+02   1.2220818e-04
   1.3700000e+02   1.3582855e-05
   1.3800000e+02  -1.2828584e-04
   1.3900000e+02  -2.6215176e-04
   1.4000000e+02  -1.7877033e-04
   1.4100000e+02   1.4072484e-04
   1.4200000e+02   3.3661637e-04
   1.4300000e+02   2.0486707e-04
   1.4400000e+02  -1.2774694e-04
   1.4500000e+02  -3.8389315e-04
   1.4600000e+02  -2.0486653e-04
   1.4700000e+02   1.9173904e-04
   1.4800000e+02   4.0610605e-04
   1.4900000e+02   3.2414601e-04
   1.5000000e+02  -9.0283040e-05
   1.5100000e+02  -3.5218378e-04
   1.5200000e+02  -3.8797070e-04
   1.5300000e+02  -2.2968887e-04
   1.5400000e+02   1.5366172e-04
   1.5500000e+02   4.3048313e-04
   1.5600000e+02   2.5718095e-04
   1.5700000e+02  -3.5816431e-06
   1.5800000e+02  -2.6545932e-04
   1.5900000e+02  -2.4598414e-04
   1.6000000e+02  -7.3316054e-05
   1.6100000e+02   1.0025250e-04
   1.6200000e+02   7.4604658e-05
   1.6300000e+02   8.8992207e-05
   1.6400000e+02   4.8925115e-05
   1.6500000e+02   3.9481956e-05
   1.6600000e+02  -4.3749303e-05
   1.6700000e+02  -1.4566080e-04
   1.6800000e+02   3.9589453e-05
   1.6900000e+02   6.6732064e-05
   1.7000000e+02  -1.3277615e-04
   1.7100000e+02  -1.5343665e-04
   1.7200000e+02  -3.9825192e-05
   1.7300000e+02   2.4589382e-04
   1.7400000e+02   2.8275382e-04
   1.7500000e+02   1.2660352e-04
   1.7600000e+02  -1.8020562e-04
   1.7700000e+02  -3.9857178e-04
   1.7800000e+02  -3.9290308e-04
   1.7900000e+02   7.2118816e-05
   1.8000000e+02   5.9437036e-04
   1.8100000e+02   5.6014576e-04
   1.8200000e+02   9.2997429e-06
   1.8300000e+02  -5.0835285e-04
   1.8400000e+02  -4.8795299e-04
   1.8500000e+02  -4.0765451e-05
   1.8600000e+02   2.4203736e-04
   1.8700000e+02   2.9199357e-04
   1.8800000e+02  -7.5819418e-07
   1.8900000e+02  -6.1834180e-05
   1.9000000e+02   1.1333389e-04
   1.9100000e+02  -2.5088442e-05
   1.9200000e+02  -2.7846297e-04
   1.9300000e+02  -1.1029706e-04
   1.9400000e+02  -2.1235920e-05
   1.9500000e+02   1.5571889e-04
   1.9600000e+02   1.8481556e-04
   1.9700000e+02   1.4364028e-04
   1.9800000e+02  -2.0038804e-05
   1.9900000e+02   9.5625756e-05
   2.0000000e+02   3.8233542e-05
   2.0100000e+02  -1.0111033e-04
   2.0200000e+02  -1.6065820e-04
   2.0300000e+02  -1.7376209e-04
   2.0400000e+02   6.3475942e-05
   2.0500000e+02   2.7167610e-04
   2.0600000e+02   2.1909228e-04
   2.0700000e+02  -9.2211879e-06
   2.0800000e+02  -1.6242803e-04
   2.0900000e+02  -3.6425451e-04
   2.1000000e+02  -1.1754680e-04
   2.1100000e+02  -3.4460179e-05
   2.1200000e+02  -1.4558022e-04
   2.1300000e+02   2.2100116e-04
   2.1400000e+02   4.8191589e-04
   2.1500000e+02   2.1175025e-04
   2.1600000e+02  -6.1705299e-05
   2.1700000e+02  -9.6542678e-05
   2.1800000e+02  -7.8569612e-05
   2.1900000e+02  -1.8995211e-04
   2.2000000e+02  -1.5970625e-04
   2.2100000e+02  -9.3432061e-06
   2.2200000e+02   3.7347527e-04
   2.2300000e+02   4.8519678e-04
   2.2400000e+02   5.3926139e-05
   2.2500000e+02  -3.3402664e-04
   2.2600000e+02  -4.0656086e-04
   2.2700000e+02  -4.2013861e-04
   2.2800000e+02  -1.6893888e-04
   2.2900000e+02   4.3245785e-04
   2.3000000e+02   4.2303280e-04
   2.3100000e+02  -3.2672742e-04
   2.3200000e+02  -2.4323462e-04
   2.3300000e+02   4.6295250e-04
   2.3400000e+02   6.2192380e-04
   2.3500000e+02   1.0852120e-04
   2.3600000e+02  -8.0185093e-04
   2.3700000e+02  -9.1424448e-04
   2.3800000e+02  -3.5589593e-04
   2.3900000e+02   6.1847573e-04
   2.4000000e+02   1.0679148e-03
   2.4100000e+02   2.4400322e-04
   2.4200000e+02  -6.5822648e-04
   2.4300000e+02  -3.2672680e-04
   2.4400000e+02   2.8307866e-04
   2.4500000e+02   5.8634494e-04
   2.4600000e+02  -3.6708415e-04
   2.4700000e+02  -7.5605838e-04
   2.4800000e+02   7.1149817e-05
   2.4900000e+02   8.3057364e-04
   2.5000000e+02   4.1947841e-04
   2.5100000e+02  -3.9657132e-04
   2.5200000e+02  -7.3474602e-04
   2.5300000e+02  -2.4686436e-04
   2.5400000e+02   2.8685023e-04
   2.5500000e+02   4.3757760e-04
   2.5600000e+02   1.2787046e-04
   2.5700000e+02  -5.2106658e-04
   2.5800000e+02  -8.0545767e-05
   2.5900000e+02   6.1077409e-05
   2.6000000e+02  -2.8681566e-04
   2.6100000e+02  -4.3921782e-04
   2.6200000e+02   1.8278111e-04
   2.6300000e+02   7.2180354e-04
   2.6400000e+02   4.6624748e-04
   2.6500000e+02  -3.0454953e-04
   2.6600000e+02  -7.3457225e-04
   2.6700000e+02  -1.3653340e-04
   2.6800000e+02   4.5580577e-04
   2.6900000e+02   6.7478139e-04
   2.7000000e+02   3.5266957e-04
   2.7100000e+02  -5.0924644e-04
   2.7200000e+02  -1.8556411e-04
   2.7300000e+02   6.6030449e-04
   2.7400000e+02   3.5400777e-04
   2.7500000e+02  -3.2328252e-04
   2.7600000e+02  -1.0717202e-03
   2.7700000e+02  -1.6429122e-03
   2.7800000e+02  -2.2217447e-04
   2.7900000e+02   1.8936610e-03
   2.8000000e+02   2.6605141e-03
   2.8100000e+02   3.5693917e-04
   2.8200000e+02  -2.0503637e-03
   2.8300000e+02  -2.3500473e-03
   2.8400000e+02  -6.1705543e-04
   2.8500000e+02   4.9303241e-04
   2.8600000e+02   1.6959846e-03
   2.8700000e+02   1.0280863e-03
   2.8800000e+02  -6.2204681e-04
   2.8900000e+02  -2.3640768e-03
   2.9000000e+02  -2.7114566e-03
   2.9100000e+02   8.5172522e-04
   2.9200000e+02   6.5170478e-03
   2.9300000e+02   5.6366936e-03
   2.9400000e+02  -2.7378856e-03
   2.9500000e+02  -7.7391212e-03
   2.9600000e+02  -9.8481194e-03
   2.9700000e+02  -2.0142313e-03
   2.9800000e+02   9.3964752e-03
   2.9900000e+02   1.5110420e-02
