   1.0000000e+00   2.9783359e-01
   2.0000000e+00  -4.2656162e-01
   3.0000000e+00  -5.6619868e-01
   4.0000000e+00  -2.1146916e-01
   5.0000000e+00   1.9975336e-01
   6.0000000e+00   3.0524045e-01
   7.0000000e+00   1.3457006e-01
   8.0000000e+00  -8.5343902e-02
   9.0000000e+00  -1.6317973e-01
   1.0000000e+01  -7.7222177e-02
   1.1000000e+01   3.7556011e-02
   1.2000000e+01   8.0488632e-02
   1.3000000e+01   4.4811439e-02
   1.4000000e+01  -1.7066808e-02
   1.5000000e+01  -4.4162804e-02
   1.6000000e+01  -2.5825884e-02
   1.7000000e+01   1.7359197e-02
   1.8000000e+01   3.7695686e-02
   1.9000000e+01   1.7250157e-02
   2.0000000e+01  -1.3587933e-02
   2.1000000e+01  -3.1665828e-02
   2.2000000e+01  -2.5748641e-02
   2.3000000e+01   7.5027056e-03
   2.4000000e+01   3.0041606e-02
   2.5000000e+01   2.5012425e-02
   2.6000000e+01   3.1569397e-03
   2.7000000e+01  -1.8572007e-02
   2.8000000e+01  -1.9934527e-02
   2.9000000e+01   6.5028634e-03
   3.0000000e+01   2.9832796e-02
   3.1000000e+01   8.6443863e-03
   3.2000000e+01  -3.0533350e-02
   3.3000000e+01  -2.8426406e-02
   3.4000000e+01   4.5987852e-03
   3.5000000e+01   2.9438313e-02
   3.6000000e+01   2.3424777e-02
   3.7000000e+01  -4.1743969e-04
   3.8000000e+01  -8.5609381e-03
   3.9000000e+01  -7.8667214e-03
   4.0000000e+01  -2.7482656e-03
   4.1000000e+01  -5.0479369e-03
   4.2000000e+01  -9.2820862e-03
   4.3000000e+01   1.0612175e-02
   4.4000000e+01   2.0016398e-02
   4.5000000e+01   7.4049700e-03
   4.6000000e+01  -1.4685072e-02
   4.7000000e+01  -1.5137854e-02
   4.8000000e+01   6.7372859e-03
   4.9000000e+01   6.9748617e-03
   5.0000000e+01   1.4711034e-03
   5.1000000e+01  -1.0085476e-02
   5.2000000e+01  -3.3498304e-03
   5.3000000e+01   7.2218606e-03
   5.4000000e+01   2.2691191e-02
   5.5000000e+01   1.9006086e-02
   5.6000000e+01  -8.9410881e-03
   5.7000000e+01  -2.7937060e-02
   5.8000000e+01  -2.1738274e-02
   5.9000000e+01   4.0055614e-03
   6.0000000e+01   1.6244193e-02
   6.1000000e+01   1.1723440e-02
   6.2000000e+01   9.4204756e-03
   6.3000000e+01  -5.4809844e-03
   6.4000000e+01  -1.1366011e-02
   6.5000000e+01  -1.0696544e-02
   6.6000000e+01   5.0867248e-03
   6.7000000e+01   1.0195097e-02
   6.8000000e+01   1.1099560e-02
   6.9000000e+01  -5.2722735e-03
   7.0000000e+01  -8.2904593e-03
   7.1000000e+01   4.5365934e-03
   7.2000000e+01   9.1160654e-03
   7.3000000e+01   5.5495010e-03
   7.4000000e+01  -2.8335758e-03
   7.5000000e+01  -1.5698030e-02
   7.6000000e+01  -7.3661018e-03
   7.7000000e+01   6.3502151e-03
   7.8000000e+01   7.5946250e-03
   7.9000000e+01   6.6438408e-03
   8.0000000e+01   2.2432265e-03
   8.1000000e+01  -1.3865131e-03
   8.2000000e+01  -1.0552512e-02
   8.3000000e+01   5.1476756e-06
   8.4000000e+01   3.8151987e-03
   8.5000000e+01   7.0174475e-03
   8.6000000e+01   4.5628885e-03
   8.7000000e+01   4.1233773e-03
   8.8000000e+01  -1.0320633e-02
   8.9000000e+01  -1.6522329e-02
   9.0000000e+01  -2.4262546e-04
   9.1000000e+01   1.7451665e-02
   9.2000000e+01   1.5252596e-02
   9.3000000e+01  -2.4503420e-03
   9.4000000e+01  -2.5371277e-02
   9.5000000e+01  -1.3067935e-02
   9.6000000e+01   1.1361463e-02
   9.7000000e+01   6.6792254e-03
   9.8000000e+01   3.4539655e-04
   9.9000000e+01   5.4191370e-03
   1.0000000e+02   1.5301053e-03
   1.0100000e+02  -9.6934045e-03
   1.0200000e+02  -7.4060284e-03
   1.0300000e+02  -5.6984835e-03
   1.0400000e+02   1.7391153e-03
   1.0500000e+02   1.7071931e-02
   1.0600000e+02   1.5094858e-02
   1.0700000e+02   1.7370120e-03
   1.0800000e+02  -1.9851169e-02
   1.0900000e+02  -1.3678519e-02
   1.1000000e+02   1.7469278e-03
   1.1100000e+02   4.9772666e-03
   1.1200000e+02   6.0636982e-03
   1.1300000e+02  -8.6425395e-04
   1.1400000e+02   7.0976141e-03
   1.1500000e+02  -4.0964622e-03
   1.1600000e+02  -4.5399208e-03
   1.1700000e+02  -1.2436933e-03
   1.1800000e+02   4.1425534e-03
   1.1900000e+02  -5.5656679e-03
   1.2000000e+02  -7.4472685e-03
   1.2100000e+02  -1.0592806e-03
   1.2200000e+02   1.3198178e-02
   1.2300000e+02   1.2666153e-02
   1.2400000e+02   3.0730854e-03
   1.2500000e+02  -1.9570887e-02
   1.2600000e+02  -2.7086435e-02
   1.2700000e+02  -6.5213022e-03
   1.2800000e+02   1.3306821e-02
   1.2900000e+02   1.7711981e-02
   1.3000000e+02   9.5790388e-03
   1.3100000e+02   1.0310090e-04
   1.3200000e+02  -7.4763738e-03
   1.3300000e+02  -4.1763797e-03
   1.3400000e+02   1.0009809e-02
   1.3500000e+02   1.2349052e-02
   1.3600000e+02   1.4769924e-02
   1.3700000e+02   1.6416064e-03
   1.3800000e+02  -1.5504463e-02
   1.3900000e+02  -3.1683326e-02
   1.4000000e+02  -2.1605953e-02
   1.4100000e+02   1.7007824e-02
   1.4200000e+02   4.0683024e-02
   1.4300000e+02   2.4759972e-02
   1.4400000e+02  -1.5439331e-02
   1.4500000e+02  -4.6396835e-02
   1.4600000e+02  -2.4759907e-02
   1.4700000e+02   2.3173335e-02
   1.4800000e+02   4.9081459e-02
   1.4900000e+02   3.9175873e-02
   1.5000000e+02  -1.0911493e-02
   1.5100000e+02  -4.2564481e-02
   1.5200000e+02  -4.6889643e-02
   1.5300000e+02  -2.7759904e-02
   1.5400000e+02   1.8571359e-02
   1.5500000e+02   5.2027640e-02
   1.5600000e+02   3.1082561e-02
   1.5700000e+02  -4.3287281e-04
   1.5800000e+02  -3.2083075e-02
   1.5900000e+02  -2.9729328e-02
   1.6000000e+02  -8.8608845e-03
   1.6100000e+02   1.2116389e-02
   1.6200000e+02   9.0166236e-03
   1.6300000e+02   1.0755484e-02
   1.6400000e+02   5.9130268e-03
   1.6500000e+02   4.7717387e-03
   1.6600000e+02  -5.2874848e-03
   1.6700000e+02  -1.7604378e-02
   1.6800000e+02   4.7847307e-03
   1.6900000e+02   8.0651520e-03
   1.7000000e+02  -1.6047155e-02
   1.7100000e+02  -1.8544158e-02
   1.7200000e+02  -4.8132217e-03
   1.7300000e+02   2.9718413e-02
   1.7400000e+02   3.4173265e-02
   1.7500000e+02   1.5301140e-02
   1.7600000e+02  -2.1779421e-02
   1.7700000e+02  -4.8170875e-02
   1.7800000e+02  -4.7485764e-02
   1.7900000e+02   8.7161879e-03
   1.8000000e+02   7.1834842e-02
   1.8100000e+02   6.7698500e-02
   1.8200000e+02   1.1239550e-03
   1.8300000e+02  -6.1438876e-02
   1.8400000e+02  -5.8973374e-02
   1.8500000e+02  -4.9268603e-03
   1.8600000e+02   2.9252326e-02
   1.8700000e+02   3.5289970e-02
   1.8800000e+02  -9.1634379e-05
   1.8900000e+02  -7.4731999e-03
   1.9000000e+02   1.3697389e-02
   1.9100000e+02  -3.0321570e-03
   1.9200000e+02  -3.3654679e-02
   1.9300000e+02  -1.3330361e-02
   1.9400000e+02  -2.5665462e-03
   1.9500000e+02   1.8819986e-02
   1.9600000e+02   2.2336573e-02
   1.9700000e+02   1.7360181e-02
   1.9800000e+02  -2.4218642e-03
   1.9900000e+02   1.1557207e-02
   2.0000000e+02   4.6208569e-03
   2.0100000e+02  -1.2220065e-02
   2.0200000e+02  -1.9416945e-02
   2.0300000e+02  -2.1000664e-02
   2.0400000e+02   7.6716211e-03
   2.0500000e+02   3.2834427e-02
   2.0600000e+02   2.6479213e-02
   2.0700000e+02  -1.1144610e-03
   2.0800000e+02  -1.9630844e-02
   2.0900000e+02  -4.4023335e-02
   2.1000000e+02  -1.4206556e-02
   2.1100000e+02  -4.1648132e-03
   2.1200000e+02  -1.7594639e-02
   2.1300000e+02   2.6709917e-02
   2.1400000e+02   5.8243738e-02
   2.1500000e+02   2.5591864e-02
   2.1600000e+02  -7.4576236e-03
   2.1700000e+02  -1.1668025e-02
   2.1800000e+02  -9.4958228e-03
   2.1900000e+02  -2.2957369e-02
   2.2000000e+02  -1.9301893e-02
   2.2100000e+02  -1.1292079e-03
   2.2200000e+02   4.5137744e-02
   2.2300000e+02   5.8640262e-02
   2.2400000e+02   6.5174442e-03
   2.2500000e+02  -4.0370033e-02
   2.2600000e+02  -4.9136426e-02
   2.2700000e+02  -5.0777416e-02
   2.2800000e+02  -2.0417737e-02
   2.2900000e+02   5.2266303e-02
   2.3000000e+02   5.1127204e-02
   2.3100000e+02  -3.9487858e-02
   2.3200000e+02  -2.9397026e-02
   2.3300000e+02   5.5951847e-02
   2.3400000e+02   7.5164916e-02
   2.3500000e+02   1.3115734e-02
   2.3600000e+02  -9.6910678e-02
   2.3700000e+02  -1.1049442e-01
   2.3800000e+02  -4.3013127e-02
   2.3900000e+02   7.4748186e-02
   2.4000000e+02   1.2906681e-01
   2.4100000e+02   2.9489917e-02
   2.4200000e+02  -7.9552410e-02
   2.4300000e+02  -3.9487783e-02
   2.4400000e+02   3.4212524e-02
   2.4500000e+02   7.0864899e-02
   2.4600000e+02  -4.4365320e-02
   2.4700000e+02  -9.1376249e-02
   2.4800000e+02   8.5990759e-03
   2.4900000e+02   1.0038207e-01
   2.5000000e+02   5.0697624e-02
   2.5100000e+02  -4.7929103e-02
   2.5200000e+02  -8.8800465e-02
   2.5300000e+02  -2.9835711e-02
   2.5400000e+02   3.4668352e-02
   2.5500000e+02   5.2885069e-02
   2.5600000e+02   1.5454260e-02
   2.5700000e+02  -6.2975440e-02
   2.5800000e+02  -9.7346584e-03
   2.5900000e+02   7.3817376e-03
   2.6000000e+02  -3.4664174e-02
   2.6100000e+02  -5.3083305e-02
   2.6200000e+02   2.2090692e-02
   2.6300000e+02   8.7236253e-02
   2.6400000e+02   5.6350074e-02
   2.6500000e+02  -3.6807467e-02
   2.6600000e+02  -8.8779463e-02
   2.6700000e+02  -1.6501252e-02
   2.6800000e+02   5.5088103e-02
   2.6900000e+02   8.1553216e-02
   2.7000000e+02   4.2623193e-02
   2.7100000e+02  -6.1546873e-02
   2.7200000e+02  -2.2427041e-02
   2.7300000e+02   7.9803557e-02
   2.7400000e+02   4.2784926e-02
   2.7500000e+02  -3.9071512e-02
   2.7600000e+02  -1.2952673e-01
   2.7700000e+02  -1.9856027e-01
   2.7800000e+02  -2.6851723e-02
   2.7900000e+02   2.2886544e-01
   2.8000000e+02   3.2154633e-01
   2.8100000e+02   4.3139212e-02
   2.8200000e+02  -2.4780433e-01
   2.8300000e+02  -2.8402371e-01
   2.8400000e+02  -7.4576530e-02
   2.8500000e+02   5.9587266e-02
   2.8600000e+02   2.0497453e-01
   2.8700000e+02   1.2425319e-01
   2.8800000e+02  -7.5179782e-02
   2.8900000e+02  -2.8571930e-01
   2.9000000e+02  -3.2770318e-01
   2.9100000e+02   1.0293842e-01
   2.9200000e+02   7.8764206e-01
   2.9300000e+02   6.8124358e-01
   2.9400000e+02  -3.3089735e-01
   2.9500000e+02  -9.3534029e-01
   2.9600000e+02  -1.1902311e+00
   2.9700000e+02  -2.4343741e-01
   2.9800000e+02   1.1356460e+00
   2.9900000e+02   1.8262261e+00
