   1.0000000e+00   2.9783359e-01
   2.0000000e+00  -5.6542215e-01
   3.0000000e+00  -3.2086172e-01
   4.0000000e+00  -2.3739209e-01
   5.0000000e+00  -1.6155028e-01
   6.0000000e+00  -1.4764583e-01
   7.0000000e+00  -1.0156383e-01
   8.0000000e+00  -8.7243923e-02
   9.0000000e+00  -6.9936619e-02
   1.0000000e+01  -4.1717518e-02
   1.1000000e+01  -4.3462072e-02
   1.2000000e+01  -3.1271850e-02
   1.3000000e+01  -2.2562812e-02
   1.4000000e+01  -2.5103351e-02
   1.5000000e+01  -2.0741051e-02
   1.6000000e+01  -1.8496341e-02
   1.7000000e+01   3.3186884e-03
   1.8000000e+01   9.5425363e-03
   1.9000000e+01   1.1128533e-02
   2.0000000e+01   1.8433343e-02
   2.1000000e+01   6.3029525e-03
   2.2000000e+01  -5.6005968e-03
   2.3000000e+01   6.7775173e-03
   2.4000000e+01   5.1054426e-04
   2.5000000e+01   5.7227674e-03
   2.6000000e+01   1.2929312e-02
   2.7000000e+01   1.0112811e-02
   2.8000000e+01   1.4486265e-02
   2.9000000e+01   3.7663906e-02
   3.0000000e+01   4.8656357e-02
   3.1000000e+01   2.3822987e-02
   3.2000000e+01   1.0466134e-02
   3.3000000e+01   2.2812902e-02
   3.4000000e+01   1.4503518e-02
   3.5000000e+01   1.2321223e-02
   3.6000000e+01   1.2791025e-02
   3.7000000e+01   1.7668910e-02
   3.8000000e+01   3.7729987e-02
   3.9000000e+01   3.2623280e-02
   4.0000000e+01   3.6824065e-02
   4.1000000e+01   2.2695103e-02
   4.2000000e+01   1.2744418e-02
   4.3000000e+01   3.6041687e-02
   4.4000000e+01   2.0784320e-02
   4.5000000e+01   1.9480246e-02
   4.6000000e+01   1.1869713e-02
   4.7000000e+01   2.3178410e-02
   4.8000000e+01   3.2399191e-02
   4.9000000e+01   6.1786229e-03
   5.0000000e+01   1.9492448e-02
   5.1000000e+01  -2.0435631e-03
   5.2000000e+01   1.1942054e-02
   5.3000000e+01   1.2103883e-04
   5.4000000e+01   2.8590732e-02
   5.5000000e+01   2.8751899e-02
   5.6000000e+01   2.2178434e-02
   5.7000000e+01   2.5482753e-02
   5.8000000e+01   1.8850037e-02
   5.9000000e+01   1.8878013e-02
   6.0000000e+01   2.2273425e-05
   6.1000000e+01  -1.1790705e-03
   6.2000000e+01   1.3766470e-02
   6.3000000e+01  -9.5306128e-03
   6.4000000e+01   4.9025750e-04
   6.5000000e+01  -1.1739231e-02
   6.6000000e+01   5.5023309e-03
   6.7000000e+01  -9.1926312e-03
   6.8000000e+01   8.3970742e-03
   6.9000000e+01  -1.4656248e-02
   7.0000000e+01   5.4243475e-03
   7.1000000e+01   1.1947209e-02
   7.2000000e+01   6.8124986e-03
   7.3000000e+01   1.4576923e-02
   7.4000000e+01   1.4932447e-02
   7.5000000e+01  -1.5450163e-04
   7.6000000e+01   1.4903841e-02
   7.7000000e+01   4.6810116e-03
   7.8000000e+01  -6.9179472e-03
   7.9000000e+01   2.9405241e-03
   8.0000000e+01   1.9650909e-04
   8.1000000e+01   1.0001167e-03
   8.2000000e+01  -1.3715404e-02
   8.3000000e+01   1.0730083e-02
   8.4000000e+01  -9.3614130e-03
   8.5000000e+01   7.2992230e-03
   8.6000000e+01   4.9947547e-03
   8.7000000e+01   1.9799110e-02
   8.8000000e+01  -7.5735417e-03
   8.9000000e+01  -3.7567429e-03
   9.0000000e+01   4.2747465e-03
   9.1000000e+01   1.7495700e-03
   9.2000000e+01  -1.4595524e-03
   9.3000000e+01  -2.5380935e-03
   9.4000000e+01  -2.2494099e-02
   9.5000000e+01  -1.6984688e-03
   9.6000000e+01  -9.7493428e-03
   9.7000000e+01  -4.0388454e-02
   9.8000000e+01  -2.4336582e-02
   9.9000000e+01  -1.3448393e-02
   1.0000000e+02  -3.0868894e-02
   1.0100000e+02  -3.3968701e-02
   1.0200000e+02  -2.3423412e-02
   1.0300000e+02  -4.2442250e-02
   1.0400000e+02  -3.5135166e-02
   1.0500000e+02  -1.7362222e-02
   1.0600000e+02  -2.4748949e-02
   1.0700000e+02  -1.4589052e-02
   1.0800000e+02  -2.7835713e-02
   1.0900000e+02  -6.7364450e-03
   1.1000000e+02  -1.9042312e-02
   1.1100000e+02  -2.7180193e-02
   1.1200000e+02  -1.6289887e-02
   1.1300000e+02  -2.7449467e-02
   1.1400000e+02  -1.3606398e-03
   1.1500000e+02  -3.1733147e-02
   1.1600000e+02  -6.7509746e-03
   1.1700000e+02  -1.4736736e-02
   1.1800000e+02  -3.8225194e-03
   1.1900000e+02  -2.7184180e-02
   1.2000000e+02  -1.5450834e-02
   1.2100000e+02  -2.2221102e-02
   1.2200000e+02  -7.6215505e-03
   1.2300000e+02  -1.1606707e-02
   1.2400000e+02   1.6096574e-03
   1.2500000e+02  -2.2233962e-02
   1.2600000e+02  -2.4562573e-02
   1.2700000e+02  -1.9785903e-02
   1.2800000e+02  -3.4213344e-02
   1.2900000e+02  -3.4362972e-02
   1.3000000e+02  -2.9605258e-02
   1.3100000e+02  -2.0829315e-02
   1.3200000e+02  -1.8781702e-02
   1.3300000e+02  -4.0343608e-03
   1.3400000e+02   1.8482659e-02
   1.3500000e+02   1.9916538e-02
   1.3600000e+02   5.9467789e-02
   1.3700000e+02   5.8092914e-02
   1.3800000e+02   6.5075845e-02
   1.3900000e+02   3.7216646e-02
   1.4000000e+02   3.5729408e-02
   1.4100000e+02   4.7449192e-02
   1.4200000e+02   4.7016351e-02
   1.4300000e+02   4.6776045e-02
   1.4400000e+02   4.2245793e-02
   1.4500000e+02   2.2004575e-02
   1.4600000e+02   4.0668172e-02
   1.4700000e+02   4.2198587e-02
   1.4800000e+02   5.7249302e-02
   1.4900000e+02   8.8308822e-02
   1.5000000e+02   7.8341876e-02
   1.5100000e+02   1.0018536e-01
   1.5200000e+02   7.3050881e-02
   1.5300000e+02   4.4949199e-02
   1.5400000e+02   5.2349037e-02
   1.5500000e+02   5.3086127e-02
   1.5600000e+02   3.4439879e-02
   1.5700000e+02   5.8294669e-02
   1.5800000e+02   3.6319760e-02
   1.5900000e+02   4.6677936e-02
   1.6000000e+02   3.0835596e-02
   1.6100000e+02   2.4461656e-02
   1.6200000e+02  -5.8630342e-03
   1.6300000e+02   1.8725336e-02
   1.6400000e+02  -3.8824297e-03
   1.6500000e+02   1.8780887e-02
   1.6600000e+02   1.2397251e-03
   1.6700000e+02  -7.3389640e-03
   1.6800000e+02   3.2111623e-02
   1.6900000e+02  -4.0844431e-03
   1.7000000e+02  -3.6243075e-02
   1.7100000e+02  -3.5011056e-02
   1.7200000e+02  -7.3851722e-02
   1.7300000e+02  -5.2274949e-02
   1.7400000e+02  -7.0503267e-02
   1.7500000e+02  -4.7152918e-02
   1.7600000e+02  -6.8808327e-02
   1.7700000e+02  -8.5689806e-02
   1.7800000e+02  -1.3698796e-01
   1.7900000e+02  -1.2077521e-01
   1.8000000e+02  -1.1002851e-01
   1.8100000e+02  -1.1483734e-01
   1.8200000e+02  -1.2083194e-01
   1.8300000e+02  -1.2883713e-01
   1.8400000e+02  -1.3675978e-01
   1.8500000e+02  -1.5302573e-01
   1.8600000e+02  -2.1701244e-01
   1.8700000e+02  -2.4483659e-01
   1.8800000e+02  -3.7229872e-01
   1.8900000e+02  -5.1368321e-01
   1.9000000e+02  -9.9889162e-01
   1.9100000e+02  -9.2824417e+02
   1.9200000e+02   1.0010796e+00
   1.9300000e+02   5.2728027e-01
   1.9400000e+02   3.0869245e-01
   1.9500000e+02   2.6879834e-01
   1.9600000e+02   2.1479365e-01
   1.9700000e+02   2.1002186e-01
   1.9800000e+02   1.8269563e-01
   1.9900000e+02   2.4980635e-01
   2.0000000e+02   2.3082068e-01
   2.0100000e+02   2.7743309e-01
   2.0200000e+02   3.3998949e-01
   2.0300000e+02   4.3638768e-01
   2.0400000e+02   7.8158796e-01
   2.0500000e+02   3.4987438e+00
   2.0600000e+02  -1.3967863e+00
   2.0700000e+02  -5.8452215e-01
   2.0800000e+02  -3.6536014e-01
   2.0900000e+02  -3.1554016e-01
   2.1000000e+02  -2.0992989e-01
   2.1100000e+02  -2.4600725e-01
   2.1200000e+02  -2.3381992e-01
   2.1300000e+02  -1.3880004e-01
   2.1400000e+02  -1.3195547e-01
   2.1500000e+02  -1.1937770e-01
   2.1600000e+02  -4.0665986e-02
   2.1700000e+02   8.0472430e-03
   2.1800000e+02   2.6021905e-02
   2.1900000e+02   1.4519932e-02
   2.2000000e+02   3.3156756e-02
   2.2100000e+02   2.9441869e-02
   2.2200000e+02   9.9573814e-02
   2.2300000e+02   9.9037888e-02
   2.2400000e+02   1.0284130e-01
   2.2500000e+02   1.2795193e-01
   2.2600000e+02   1.2442139e-01
   2.2700000e+02   3.7902118e-02
   2.2800000e+02   1.2802993e-02
   2.2900000e+02   4.1934002e-02
   2.3000000e+02  -4.4958292e-02
   2.3100000e+02  -1.4001533e-01
   2.3200000e+02  -2.1980667e-02
   2.3300000e+02   2.3105679e-02
   2.3400000e+02   3.0820463e-02
   2.3500000e+02   9.2597261e-02
   2.3600000e+02   4.3122529e-02
   2.3700000e+02   6.4844713e-02
   2.3800000e+02   5.3257050e-03
   2.3900000e+02   4.9050188e-02
   2.4000000e+02   6.0223373e-02
   2.4100000e+02  -4.7456288e-03
   2.4200000e+02   1.5995122e-02
   2.4300000e+02   1.3124374e-01
   2.4400000e+02   1.1565951e-01
   2.4500000e+02   1.9363076e-01
   2.4600000e+02   4.1491395e-02
   2.4700000e+02   9.5505851e-02
   2.4800000e+02   1.4525943e-01
   2.4900000e+02   1.4245248e-01
   2.5000000e+02   7.0284982e-02
   2.5100000e+02   7.9848678e-02
   2.5200000e+02   2.9286546e-02
   2.5300000e+02   4.0663207e-03
   2.5400000e+02  -6.8815459e-02
   2.5500000e+02  -1.0393920e-01
   2.5600000e+02  -1.8143242e-01
   2.5700000e+02  -3.2910938e-01
   2.5800000e+02  -2.8388544e-01
   2.5900000e+02  -5.6725810e-01
   2.6000000e+02  -1.3529534e+00
   2.6100000e+02   3.7500997e+00
   2.6200000e+02   8.2017452e-01
   2.6300000e+02   5.0067443e-01
   2.6400000e+02   4.5453522e-01
   2.6500000e+02   5.2441558e-01
   2.6600000e+02   8.7371584e-01
   2.6700000e+02   6.7064557e+00
   2.6800000e+02  -1.1519643e+00
   2.6900000e+02  -5.4448980e-01
   2.7000000e+02  -3.9568004e-01
   2.7100000e+02  -3.7218424e-01
   2.7200000e+02  -1.6407970e-01
   2.7300000e+02  -1.3033595e-01
   2.7400000e+02  -2.0886963e-01
   2.7500000e+02  -1.4603010e-01
   2.7600000e+02  -2.7827982e-01
   2.7700000e+02  -5.2019925e-01
   2.7800000e+02  -5.7193896e-01
   2.7900000e+02  -9.7325630e-01
   2.8000000e+02  -2.7196198e+01
   2.8100000e+02   1.0371055e+00
   2.8200000e+02   6.4444315e-01
   2.8300000e+02   5.6144546e-01
   2.8400000e+02   6.9566244e-01
   2.8500000e+02   7.7948326e-01
   2.8600000e+02   3.5122303e+00
   2.8700000e+02  -1.1811901e+00
   2.8800000e+02  -1.1902425e+00
   2.8900000e+02   5.1567756e+00
   2.9000000e+02   7.8456293e-01
   2.9100000e+02   2.8140420e-01
   2.9200000e+02   1.0162916e-03
   2.9300000e+02  -7.0330946e-01
   2.9400000e+02  -8.7103404e-01
   2.9500000e+02   8.7179554e-01
   2.9600000e+02  -8.7936428e+00
   2.9700000e+02  -1.1243021e+00
   2.9800000e+02   2.2119037e+00
   2.9900000e+02   2.2630506e-01
