   1.0000000e+00   5.9693706e-01
   2.0000000e+00  -1.3298799e-01
   3.0000000e+00  -2.6406801e-01
   4.0000000e+00  -8.7676281e-02
   5.0000000e+00   4.5141646e-02
   6.0000000e+00   4.8509901e-02
   7.0000000e+00   1.1691234e-02
   8.0000000e+00  -1.2543611e-02
   9.0000000e+00  -9.8882905e-03
   1.0000000e+01  -2.6350222e-03
   1.1000000e+01   3.1324283e-03
   1.2000000e+01   1.5050302e-02
   1.3000000e+01   8.9147799e-03
   1.4000000e+01  -5.2551487e-03
   1.5000000e+01  -5.8422705e-03
   1.6000000e+01  -7.3980208e-03
   1.7000000e+01  -5.0488712e-04
   1.8000000e+01   1.6103606e-03
   1.9000000e+01   4.3063270e-03
   2.0000000e+01   1.8880809e-03
   2.1000000e+01  -1.3372859e-03
   2.2000000e+01  -2.7034734e-03
   2.3000000e+01  -3.1414243e-03
   2.4000000e+01   1.6628057e-03
   2.5000000e+01   5.6624050e-03
   2.6000000e+01   8.5359772e-04
   2.7000000e+01  -1.9256321e-03
   2.8000000e+01   4.9167013e-04
   2.9000000e+01   1.1914984e-03
   3.0000000e+01  -6.4169258e-03
   3.1000000e+01   4.9808035e-04
   3.2000000e+01   9.2121038e-04
   3.3000000e+01  -5.4206106e-03
   3.4000000e+01  -2.3608158e-03
   3.5000000e+01   2.8815583e-03
   3.6000000e+01   5.7788667e-03
   3.7000000e+01  -8.9897163e-04
   3.8000000e+01  -9.2837330e-04
   3.9000000e+01  -3.8134216e-03
   4.0000000e+01  -6.5433132e-03
   4.1000000e+01   3.7057966e-03
   4.2000000e+01   6.2860591e-04
   4.3000000e+01   5.3656242e-03
   4.4000000e+01   5.3254549e-03
   4.5000000e+01  -4.7025405e-03
   4.6000000e+01   7.7903203e-04
   4.7000000e+01   2.1536959e-03
   4.8000000e+01  -6.2837646e-03
   4.9000000e+01  -4.3335731e-04
   5.0000000e+01   2.8316929e-03
   5.1000000e+01   2.6508196e-03
   5.2000000e+01   1.3299820e-03
   5.3000000e+01   3.3740288e-04
   5.4000000e+01   3.0071484e-04
   5.5000000e+01  -2.7000400e-03
   5.6000000e+01   5.9533690e-04
   5.7000000e+01  -7.2600884e-03
   5.8000000e+01  -2.0907466e-03
   5.9000000e+01   8.3020850e-03
   6.0000000e+01  -3.5941800e-04
   6.1000000e+01  -2.0336072e-04
   6.2000000e+01   4.2263183e-03
   6.3000000e+01  -4.5524015e-03
   6.4000000e+01  -4.6603166e-03
   6.5000000e+01  -5.6877217e-05
   6.6000000e+01   4.2269871e-03
   6.7000000e+01   3.4726368e-04
   6.8000000e+01  -3.9828097e-03
   6.9000000e+01  -4.9057974e-03
   7.0000000e+01   1.5728658e-03
   7.1000000e+01   2.6102010e-03
   7.2000000e+01  -4.5036715e-04
   7.3000000e+01  -6.3045911e-04
   7.4000000e+01  -3.1615598e-03
   7.5000000e+01   3.1986887e-03
   7.6000000e+01  -5.9686213e-03
   7.7000000e+01   1.8680600e-03
   7.8000000e+01   4.7921453e-03
   7.9000000e+01  -2.7286282e-03
   8.0000000e+01  -1.0299233e-03
   8.1000000e+01   1.5099272e-03
   8.2000000e+01  -1.6799227e-03
   8.3000000e+01   1.4779861e-04
   8.4000000e+01   2.0416932e-03
   8.5000000e+01  -3.1825353e-03
   8.6000000e+01   2.8548987e-03
   8.7000000e+01   4.0488634e-03
   8.8000000e+01  -5.9294491e-04
   8.9000000e+01  -2.3986693e-03
   9.0000000e+01  -4.9211102e-03
   9.1000000e+01   2.8997018e-03
   9.2000000e+01  -2.1997108e-03
   9.3000000e+01   6.2758264e-03
   9.4000000e+01   1.6490970e-03
   9.5000000e+01  -1.7008526e-03
   9.6000000e+01  -3.3741648e-03
   9.7000000e+01  -7.3905036e-03
   9.8000000e+01  -1.1152699e-03
   9.9000000e+01   6.1127636e-03
   1.0000000e+02   1.0556294e-02
   1.0100000e+02  -3.2305763e-04
   1.0200000e+02  -4.4984237e-03
   1.0300000e+02  -4.7225159e-03
   1.0400000e+02   9.0079519e-04
   1.0500000e+02   4.9264594e-03
   1.0600000e+02  -1.0893165e-03
   1.0700000e+02   4.7539790e-03
   1.0800000e+02  -6.0568087e-03
   1.0900000e+02  -2.8165525e-03
   1.1000000e+02   1.7260167e-03
   1.1100000e+02  -4.8423260e-03
   1.1200000e+02   3.7730676e-03
   1.1300000e+02   2.3464059e-03
   1.1400000e+02  -9.9684342e-06
   1.1500000e+02   1.6601535e-03
   1.1600000e+02   2.3255932e-03
   1.1700000e+02   6.7413856e-04
   1.1800000e+02  -4.0063379e-03
   1.1900000e+02  -1.2111288e-03
   1.2000000e+02   2.0245393e-03
   1.2100000e+02  -3.6569885e-03
   1.2200000e+02  -2.8147774e-03
   1.2300000e+02   9.7847711e-04
   1.2400000e+02   2.7538000e-03
   1.2500000e+02   6.8263368e-03
   1.2600000e+02   6.7545320e-04
   1.2700000e+02  -5.4058793e-03
   1.2800000e+02  -3.9188092e-03
   1.2900000e+02   6.5279371e-03
   1.3000000e+02   9.8475489e-03
   1.3100000e+02  -3.5279253e-03
   1.3200000e+02  -7.0612939e-03
   1.3300000e+02  -5.8663552e-03
   1.3400000e+02   6.2021819e-03
   1.3500000e+02   3.5848025e-03
   1.3600000e+02   2.8854040e-03
   1.3700000e+02  -5.6947715e-03
   1.3800000e+02  -7.3550626e-04
   1.3900000e+02  -1.2510880e-03
   1.4000000e+02   5.5045891e-03
   1.4100000e+02  -1.8553645e-03
   1.4200000e+02  -1.6759316e-03
   1.4300000e+02  -1.1603899e-03
   1.4400000e+02   4.1612082e-03
   1.4500000e+02   1.4106150e-03
   1.4600000e+02  -5.1001366e-03
   1.4700000e+02  -2.6187697e-03
   1.4800000e+02  -1.5133196e-03
   1.4900000e+02   4.4162284e-03
   1.5000000e+02   2.5547990e-03
   1.5100000e+02  -6.4759360e-03
   1.5200000e+02  -6.3571704e-03
   1.5300000e+02   3.6124983e-03
   1.5400000e+02   6.3502805e-03
   1.5500000e+02   7.9066609e-04
   1.5600000e+02  -7.2894213e-03
   1.5700000e+02  -5.2214499e-03
   1.5800000e+02   6.5888475e-03
   1.5900000e+02   2.3826359e-03
   1.6000000e+02  -1.9290043e-03
   1.6100000e+02   3.5942371e-03
   1.6200000e+02  -3.5052711e-03
   1.6300000e+02  -5.0808275e-04
   1.6400000e+02   1.9684670e-03
   1.6500000e+02   2.8420105e-03
   1.6600000e+02  -4.1326941e-03
   1.6700000e+02   3.1326152e-04
   1.6800000e+02   9.8024542e-03
   1.6900000e+02  -7.1176164e-03
   1.7000000e+02  -1.5972537e-03
   1.7100000e+02  -2.7692806e-04
   1.7200000e+02  -1.7885814e-03
   1.7300000e+02  -1.5075408e-03
   1.7400000e+02   3.5820449e-03
   1.7500000e+02   8.7675410e-03
   1.7600000e+02  -5.2453954e-03
   1.7700000e+02  -1.7574486e-03
   1.7800000e+02  -2.3461959e-03
   1.7900000e+02   7.3989251e-03
   1.8000000e+02   1.3556473e-03
   1.8100000e+02  -3.6098209e-03
   1.8200000e+02   1.5422315e-04
   1.8300000e+02  -2.8791318e-04
   1.8400000e+02   3.5092568e-03
   1.8500000e+02  -1.5360323e-03
   1.8600000e+02  -5.2118525e-03
   1.8700000e+02   1.5311274e-03
   1.8800000e+02   7.0901815e-03
   1.8900000e+02  -4.8566172e-03
   1.9000000e+02  -2.6079657e-03
   1.9100000e+02   4.2701799e-03
   1.9200000e+02  -5.9080779e-03
   1.9300000e+02   2.5077015e-03
   1.9400000e+02   4.1694637e-03
   1.9500000e+02   7.8042559e-05
   1.9600000e+02  -4.4519561e-03
   1.9700000e+02  -3.5018921e-04
   1.9800000e+02   1.6373491e-03
   1.9900000e+02   3.8199420e-03
   2.0000000e+02   1.2377864e-03
   2.0100000e+02  -3.4806579e-03
   2.0200000e+02   4.1222488e-03
   2.0300000e+02  -9.9779359e-04
   2.0400000e+02  -4.4548872e-03
   2.0500000e+02  -1.3245028e-03
   2.0600000e+02   4.7807941e-03
   2.0700000e+02   1.3360928e-03
   2.0800000e+02   1.5492824e-03
   2.0900000e+02  -1.6621391e-03
   2.1000000e+02   6.7688529e-03
   2.1100000e+02  -7.8307242e-03
   2.1200000e+02  -3.3939651e-03
   2.1300000e+02   1.6723300e-03
   2.1400000e+02   2.4755547e-03
   2.1500000e+02   5.3110281e-03
   2.1600000e+02  -1.0785271e-03
   2.1700000e+02  -3.2411642e-03
   2.1800000e+02  -7.4520506e-04
   2.1900000e+02   3.0412622e-03
   2.2000000e+02  -2.4077945e-03
   2.2100000e+02   1.0086282e-03
   2.2200000e+02  -5.0368705e-03
   2.2300000e+02   7.9526389e-04
   2.2400000e+02  -8.6572797e-04
   2.2500000e+02  -5.1967704e-04
   2.2600000e+02   2.6026554e-03
   2.2700000e+02  -2.9820332e-03
   2.2800000e+02  -2.8424511e-03
   2.2900000e+02  -3.0076418e-03
   2.3000000e+02  -4.1950586e-03
   2.3100000e+02   3.9712219e-03
   2.3200000e+02   7.6385826e-03
   2.3300000e+02  -1.0177646e-03
   2.3400000e+02  -3.3800809e-03
   2.3500000e+02  -4.2550153e-03
   2.3600000e+02   6.8937507e-03
   2.3700000e+02   7.5538540e-05
   2.3800000e+02   2.6767826e-03
   2.3900000e+02  -7.1523527e-04
   2.4000000e+02  -3.0316705e-03
   2.4100000e+02   2.9873559e-03
   2.4200000e+02   3.0736540e-03
   2.4300000e+02  -2.2865234e-03
   2.4400000e+02   2.4306328e-03
   2.4500000e+02   4.6752640e-03
   2.4600000e+02  -3.1445328e-03
   2.4700000e+02  -3.8189201e-03
   2.4800000e+02   1.1267136e-03
   2.4900000e+02   1.9972573e-03
   2.5000000e+02   2.4353691e-03
   2.5100000e+02  -2.3188138e-03
   2.5200000e+02   1.0514905e-03
   2.5300000e+02   3.0062244e-03
   2.5400000e+02  -8.7704942e-04
   2.5500000e+02  -1.3734786e-03
   2.5600000e+02  -4.9587153e-03
   2.5700000e+02  -2.7950564e-03
   2.5800000e+02  -1.6840937e-03
   2.5900000e+02  -4.0438345e-04
   2.6000000e+02   2.9528949e-03
   2.6100000e+02  -3.3840557e-03
   2.6200000e+02   8.8478422e-03
   2.6300000e+02   2.4010472e-03
   2.6400000e+02  -1.0489111e-02
   2.6500000e+02  -4.7242932e-03
   2.6600000e+02   3.6632940e-03
   2.6700000e+02  -2.0352059e-03
   2.6800000e+02   5.1051498e-04
   2.6900000e+02   5.7200628e-03
   2.7000000e+02  -5.8390803e-04
   2.7100000e+02  -2.0130759e-03
   2.7200000e+02  -3.9824423e-03
   2.7300000e+02  -6.6841953e-04
   2.7400000e+02  -2.1227632e-03
   2.7500000e+02   3.7543535e-03
   2.7600000e+02   1.6687750e-04
   2.7700000e+02   2.5737265e-03
   2.7800000e+02   3.3969446e-03
   2.7900000e+02   1.3381325e-03
   2.8000000e+02  -3.2723812e-03
   2.8100000e+02  -3.6750897e-03
   2.8200000e+02  -3.5668460e-03
   2.8300000e+02   2.8966846e-03
   2.8400000e+02   5.5392633e-03
   2.8500000e+02  -1.7310484e-03
   2.8600000e+02  -2.4373470e-03
   2.8700000e+02   1.8459735e-03
   2.8800000e+02   3.0744157e-03
   2.8900000e+02  -5.9609623e-03
   2.9000000e+02   2.0350556e-04
   2.9100000e+02   2.2416165e-03
   2.9200000e+02   5.9631250e-05
   2.9300000e+02   2.6363883e-03
   2.9400000e+02  -2.1476106e-03
   2.9500000e+02  -3.7960882e-03
   2.9600000e+02   1.8033355e-03
   2.9700000e+02   3.0096599e-03
   2.9800000e+02  -9.7079737e-04
   2.9900000e+02   1.7088913e-03
   3.0000000e+02  -5.8723379e-03
