   1.0000000e+00  -4.7544102e-02
   2.0000000e+00  -3.6126640e-01
   3.0000000e+00  -2.3484042e-01
   4.0000000e+00  -1.6138723e-01
   5.0000000e+00  -1.1750185e-01
   6.0000000e+00  -7.6923733e-02
   7.0000000e+00  -5.5924505e-02
   8.0000000e+00  -4.1481476e-02
   9.0000000e+00  -4.2501462e-02
   1.0000000e+01  -3.9545494e-02
   1.1000000e+01  -1.3717493e-02
   1.2000000e+01  -4.6877763e-03
   1.3000000e+01   1.6939122e-03
   1.4000000e+01   1.0155002e-02
   1.5000000e+01   1.0211866e-03
   1.6000000e+01   1.7873658e-03
   1.7000000e+01  -5.6241954e-03
   1.8000000e+01   6.9413221e-04
   1.9000000e+01   2.3765260e-03
   2.0000000e+01   3.8256894e-03
   2.1000000e+01   1.2946949e-03
   2.2000000e+01  -7.1257491e-03
   2.3000000e+01  -4.0183940e-03
   2.4000000e+01   9.4830497e-04
   2.5000000e+01  -3.1814735e-03
   2.6000000e+01  -3.2437671e-04
   2.7000000e+01   5.0584454e-03
   2.8000000e+01   4.6696336e-03
   2.9000000e+01  -4.4021202e-03
   3.0000000e+01   1.0810489e-02
   3.1000000e+01   5.3679391e-03
   3.2000000e+01  -7.5021016e-03
   3.3000000e+01  -8.8613816e-03
   3.4000000e+01  -6.9464484e-03
   3.5000000e+01  -1.5786141e-03
   3.6000000e+01  -3.2507934e-03
   3.7000000e+01   7.5760148e-03
   3.8000000e+01   3.0793152e-06
   3.9000000e+01  -7.3687280e-03
   4.0000000e+01  -2.0499423e-03
   4.1000000e+01  -1.5474263e-02
   4.2000000e+01  -1.1328377e-03
   4.3000000e+01   2.1016222e-04
   4.4000000e+01  -6.6303406e-03
   4.5000000e+01   1.2248732e-02
   4.6000000e+01   9.2744267e-03
   4.7000000e+01  -3.8993408e-03
   4.8000000e+01   2.8371220e-03
   4.9000000e+01  -1.4834113e-03
   5.0000000e+01  -1.1128601e-03
   5.1000000e+01  -6.6714393e-04
   5.2000000e+01   2.3051123e-03
   5.3000000e+01   6.8829986e-03
   5.4000000e+01   8.1443719e-03
   5.5000000e+01   1.3375045e-02
   5.6000000e+01  -9.7802339e-03
   5.7000000e+01  -4.8165027e-03
   5.8000000e+01   1.6142196e-03
   5.9000000e+01  -1.3802624e-02
   6.0000000e+01   1.2684530e-03
   6.1000000e+01   1.1066887e-02
   6.2000000e+01  -4.1375081e-03
   6.3000000e+01  -2.9256051e-03
   6.4000000e+01  -4.0215147e-03
   6.5000000e+01   4.5071433e-03
   6.6000000e+01   1.8794108e-03
   6.7000000e+01  -2.1369338e-03
   6.8000000e+01  -6.3900975e-03
   6.9000000e+01  -2.1590281e-03
   7.0000000e+01  -3.2623629e-03
   7.1000000e+01  -4.6169162e-03
   7.2000000e+01  -3.1175027e-03
   7.3000000e+01  -6.4071786e-03
   7.4000000e+01   5.2819355e-03
   7.5000000e+01  -1.6683109e-02
   7.6000000e+01   1.0211634e-03
   7.7000000e+01  -4.5530611e-04
   7.8000000e+01  -8.3160829e-03
   7.9000000e+01  -1.1434947e-03
   8.0000000e+01  -9.2358981e-05
   8.1000000e+01  -3.4140219e-03
   8.2000000e+01   2.3890229e-03
   8.3000000e+01   1.6877121e-03
   8.4000000e+01  -1.1078232e-02
   8.5000000e+01  -8.5785858e-04
   8.6000000e+01   3.3048747e-03
   8.7000000e+01   6.4407372e-03
   8.8000000e+01   6.8204087e-03
   8.9000000e+01  -1.2653506e-03
   9.0000000e+01   3.1238811e-03
   9.1000000e+01  -1.7001108e-02
   9.2000000e+01   4.7622887e-03
   9.3000000e+01   1.5472128e-03
   9.4000000e+01   1.4916609e-02
   9.5000000e+01   1.2969370e-02
   9.6000000e+01  -1.0088473e-02
   9.7000000e+01  -1.5972401e-02
   9.8000000e+01  -1.3314955e-02
   9.9000000e+01   4.5138355e-03
   1.0000000e+02   2.7615582e-04
   1.0100000e+02   4.8109861e-03
   1.0200000e+02  -2.2119991e-04
   1.0300000e+02   5.4930333e-04
   1.0400000e+02   1.7096686e-03
   1.0500000e+02  -3.4998388e-03
   1.0600000e+02   1.6057158e-02
   1.0700000e+02  -6.2625247e-03
   1.0800000e+02   1.1571267e-02
   1.0900000e+02   8.0611547e-03
   1.1000000e+02  -1.3265220e-02
   1.1100000e+02   4.7193755e-03
   1.1200000e+02  -9.4048413e-03
   1.1300000e+02  -9.4162044e-03
   1.1400000e+02  -2.3144067e-03
   1.1500000e+02   4.4613953e-03
   1.1600000e+02   6.6100258e-03
   1.1700000e+02  -8.4794635e-04
   1.1800000e+02   9.8882025e-03
   1.1900000e+02   1.4842581e-02
   1.2000000e+02  -1.2175965e-03
   1.2100000e+02  -3.7122680e-03
   1.2200000e+02  -1.3430609e-02
   1.2300000e+02  -1.0664959e-02
   1.2400000e+02   1.3612483e-02
   1.2500000e+02   7.6875166e-03
   1.2600000e+02  -5.9786636e-03
   1.2700000e+02  -1.7965360e-02
   1.2800000e+02   3.2685111e-03
   1.2900000e+02   2.1561569e-02
   1.3000000e+02   7.2921905e-03
   1.3100000e+02   5.8571685e-03
   1.3200000e+02  -8.1976883e-03
   1.3300000e+02   9.6769869e-03
   1.3400000e+02   1.1525001e-03
   1.3500000e+02   1.3466455e-02
   1.3600000e+02  -6.9713734e-03
   1.3700000e+02   3.3594168e-03
   1.3800000e+02  -4.8167968e-03
   1.3900000e+02   1.6211630e-02
   1.4000000e+02  -5.1479228e-03
   1.4100000e+02  -3.4735670e-03
   1.4200000e+02  -9.5775086e-03
   1.4300000e+02   1.1017287e-02
   1.4400000e+02   9.3769420e-03
   1.4500000e+02  -1.8841858e-03
   1.4600000e+02  -5.0478304e-03
   1.4700000e+02  -1.3800760e-02
   1.4800000e+02   1.1595429e-02
   1.4900000e+02   1.3436811e-02
   1.5000000e+02  -8.5316424e-03
   1.5100000e+02  -2.1694655e-02
   1.5200000e+02  -8.0608637e-03
   1.5300000e+02   4.0264526e-03
   1.5400000e+02   4.5930455e-03
   1.5500000e+02  -1.2713994e-02
   1.5600000e+02  -1.3809749e-02
   1.5700000e+02   4.0458118e-03
   1.5800000e+02  -1.1410347e-02
   1.5900000e+02  -8.4654056e-03
   1.6000000e+02   7.2451717e-03
   1.6100000e+02  -1.6249981e-02
   1.6200000e+02   4.1933257e-03
   1.6300000e+02   8.7678543e-03
   1.6400000e+02   4.6421419e-03
   1.6500000e+02  -1.9848832e-02
   1.6600000e+02   1.2319099e-03
   1.6700000e+02   2.8496554e-02
   1.6800000e+02  -1.3988888e-02
   1.6900000e+02   2.5218925e-02
   1.7000000e+02   9.2203845e-03
   1.7100000e+02  -7.4541821e-03
   1.7200000e+02  -1.8802575e-02
   1.7300000e+02  -3.1126546e-03
   1.7400000e+02   2.1812612e-02
   1.7500000e+02  -1.2419634e-02
   1.7600000e+02   5.7985059e-03
   1.7700000e+02  -1.4197338e-02
   1.7800000e+02   2.2236306e-02
   1.7900000e+02   1.2012023e-03
   1.8000000e+02  -3.7348985e-03
   1.8100000e+02   5.5760389e-03
   1.8200000e+02   3.7862504e-03
   1.8300000e+02   2.7023892e-02
   1.8400000e+02   3.0910518e-03
   1.8500000e+02  -1.3770769e-02
   1.8600000e+02   6.0439186e-03
   1.8700000e+02   1.8751320e-02
   1.8800000e+02  -1.5646085e-02
   1.8900000e+02   1.1491325e-02
   1.9000000e+02   1.4878343e-02
   1.9100000e+02  -3.2969021e-02
   1.9200000e+02   9.9945251e-03
   1.9300000e+02   6.7135235e-03
   1.9400000e+02   2.4942188e-03
   1.9500000e+02  -7.6806231e-03
   1.9600000e+02  -2.6084698e-04
   1.9700000e+02  -4.1707424e-03
   1.9800000e+02   5.5753170e-03
   1.9900000e+02  -2.2693009e-03
   2.0000000e+02  -6.6418499e-03
   2.0100000e+02   3.5423244e-02
   2.0200000e+02   9.8890220e-03
   2.0300000e+02   2.0963812e-03
   2.0400000e+02  -2.6146028e-03
   2.0500000e+02   4.4358822e-03
   2.0600000e+02  -1.2885882e-02
   2.0700000e+02  -1.6445879e-03
   2.0800000e+02   3.3681944e-03
   2.0900000e+02   5.6443422e-02
   2.1000000e+02  -1.3611633e-02
   2.1100000e+02   9.5207234e-03
   2.1200000e+02  -1.1423315e-02
   2.1300000e+02  -8.7839457e-03
   2.1400000e+02   1.9466672e-02
   2.1500000e+02  -1.9587097e-03
   2.1600000e+02   2.3560087e-03
   2.1700000e+02   2.2614820e-03
   2.1800000e+02   1.6955475e-02
   2.1900000e+02   2.7841885e-03
   2.2000000e+02   2.4692100e-02
   2.2100000e+02  -1.5519382e-02
   2.2200000e+02   1.0642805e-02
   2.2300000e+02  -2.6608291e-02
   2.2400000e+02  -1.2820564e-02
   2.2500000e+02   1.3258082e-02
   2.2600000e+02   3.2470123e-03
   2.2700000e+02   1.4925627e-02
   2.2800000e+02  -2.1643730e-02
   2.2900000e+02  -6.7339160e-02
   2.3000000e+02  -2.8657944e-02
   2.3100000e+02   2.4301808e-03
   2.3200000e+02  -1.6684224e-02
   2.3300000e+02  -1.3814817e-02
   2.3400000e+02  -3.5991413e-02
   2.3500000e+02   1.7536857e-02
   2.3600000e+02  -3.0768521e-02
   2.3700000e+02   3.3814644e-02
   2.3800000e+02  -4.0427743e-03
   2.3900000e+02  -1.2175626e-02
   2.4000000e+02   3.3089903e-02
   2.4100000e+02   1.0769024e-02
   2.4200000e+02  -1.8794557e-02
   2.4300000e+02   3.4084673e-02
   2.4400000e+02   5.4447055e-02
   2.4500000e+02   1.3990304e-02
   2.4600000e+02   1.3819802e-02
   2.4700000e+02   1.7445224e-02
   2.4800000e+02   1.3314269e-02
   2.4900000e+02   2.4462326e-02
   2.5000000e+02  -1.6220559e-02
   2.5100000e+02   1.5644787e-02
   2.5200000e+02   2.7202839e-02
   2.5300000e+02   3.0383277e-02
   2.5400000e+02   5.2252944e-02
   2.5500000e+02   1.4416835e-02
   2.5600000e+02   2.5527200e-02
   2.5700000e+02  -1.0283272e-02
   2.5800000e+02  -3.1668477e-02
   2.5900000e+02  -6.2942934e-02
   2.6000000e+02  -1.3169144e-01
   2.6100000e+02   7.3805597e-02
   2.6200000e+02   2.4989636e-02
   2.6300000e+02  -4.9013499e-02
   2.6400000e+02   1.3556317e-02
   2.6500000e+02   1.1295773e-02
   2.6600000e+02  -1.1839002e-01
   2.6700000e+02  -6.5128817e-02
   2.6800000e+02  -4.3965723e-04
   2.6900000e+02  -2.5134055e-02
   2.7000000e+02   3.5565924e-02
   2.7100000e+02   6.5707495e-03
   2.7200000e+02   4.8493196e-03
   2.7300000e+02  -8.1246836e-02
   2.7400000e+02  -1.0089547e-02
   2.7500000e+02  -1.3915034e-01
   2.7600000e+02  -5.2618291e-02
   2.7700000e+02   2.8480692e-02
   2.7800000e+02   1.1628508e-01
   2.7900000e+02   1.0838181e-01
   2.8000000e+02   4.8271358e-02
   2.8100000e+02  -9.5974345e-02
   2.8200000e+02  -1.0292870e-02
   2.8300000e+02   5.3908114e-02
   2.8400000e+02  -8.9457579e-02
   2.8500000e+02  -3.3180759e-02
   2.8600000e+02   1.5377118e-01
   2.8700000e+02   2.1473184e-01
   2.8800000e+02  -1.7308617e-01
   2.8900000e+02   1.1928785e-02
   2.9000000e+02  -9.5098349e-02
   2.9100000e+02  -7.9335430e-02
   2.9200000e+02   3.3645150e-01
   2.9300000e+02  -1.5705163e-02
   2.9400000e+02  -3.6627874e-01
   2.9500000e+02   1.6042829e-02
   2.9600000e+02   2.2353133e-01
   2.9700000e+02   1.3933805e-01
   2.9800000e+02   1.8054561e+00
   2.9900000e+02   1.6530879e+00
