   1.0000000e+00  -7.2990113e-05
   2.0000000e+00  -5.4989533e-04
   3.0000000e+00  -2.5080836e-04
   4.0000000e+00   5.8582713e-05
   5.0000000e+00   1.0885691e-04
   6.0000000e+00   4.4430858e-05
   7.0000000e+00  -1.4806439e-05
   8.0000000e+00  -2.6615105e-05
   9.0000000e+00  -2.4328245e-05
   1.0000000e+01  -9.3847349e-06
   1.1000000e+01   3.1108061e-05
   1.2000000e+01   2.7954385e-05
   1.3000000e+01   4.2993798e-07
   1.4000000e+01  -7.5307190e-06
   1.5000000e+01  -1.7364481e-05
   1.6000000e+01  -6.8359978e-06
   1.7000000e+01  -2.3340355e-06
   1.8000000e+01   1.0710342e-05
   1.9000000e+01   1.0458271e-05
   2.0000000e+01   1.2203496e-06
   2.1000000e+01  -8.5847611e-06
   2.2000000e+01  -1.5166363e-05
   2.3000000e+01   4.9859792e-07
   2.4000000e+01   1.5339750e-05
   2.5000000e+01   3.0544969e-06
   2.6000000e+01  -3.8236810e-06
   2.7000000e+01   2.8585310e-06
   2.8000000e+01   1.9192613e-06
   2.9000000e+01  -1.2322827e-05
   3.0000000e+01   1.1188582e-05
   3.1000000e+01   7.7611276e-06
   3.2000000e+01  -1.8277668e-05
   3.3000000e+01  -1.5132982e-05
   3.4000000e+01   5.4642522e-06
   3.5000000e+01   1.6957481e-05
   3.6000000e+01   3.5408669e-06
   3.7000000e+01   5.3390378e-06
   3.8000000e+01  -7.7278784e-06
   3.9000000e+01  -1.7413589e-05
   4.0000000e+01   8.7161970e-07
   4.1000000e+01  -5.1387508e-06
   4.2000000e+01   1.3201402e-05
   4.3000000e+01   1.1962044e-05
   4.4000000e+01  -1.1049845e-05
   4.5000000e+01   8.7696241e-06
   4.6000000e+01   7.7507952e-06
   4.7000000e+01  -1.8468279e-05
   4.8000000e+01  -4.6416334e-06
   4.9000000e+01   4.6626665e-06
   5.0000000e+01   3.9200407e-06
   5.1000000e+01   7.5300953e-07
   5.2000000e+01   1.4336533e-06
   5.3000000e+01   5.8647711e-06
   5.4000000e+01   4.6157699e-06
   5.5000000e+01   5.0758672e-06
   5.6000000e+01  -2.6164035e-05
   5.7000000e+01  -1.0596927e-05
   5.8000000e+01   1.8223322e-05
   5.9000000e+01  -3.8543621e-06
   6.0000000e+01   5.0265140e-06
   6.1000000e+01   1.8929264e-05
   6.2000000e+01  -1.2846591e-05
   6.3000000e+01  -1.7272712e-05
   6.4000000e+01  -1.2540099e-06
   6.5000000e+01   1.8490391e-05
   6.6000000e+01   7.4035077e-06
   6.7000000e+01  -1.2031980e-05
   6.8000000e+01  -1.5660958e-05
   6.9000000e+01   3.6358645e-06
   7.0000000e+01   8.4881871e-06
   7.1000000e+01   7.0052310e-07
   7.2000000e+01  -8.2020915e-07
   7.3000000e+01  -4.5949073e-06
   7.4000000e+01   9.5038822e-06
   7.5000000e+01  -1.9603745e-05
   7.6000000e+01   4.2334197e-06
   7.7000000e+01   1.3070606e-05
   7.8000000e+01  -6.7676915e-06
   7.9000000e+01  -2.3156129e-06
   8.0000000e+01   4.5785670e-06
   8.1000000e+01  -2.5643191e-06
   8.2000000e+01   2.2398520e-06
   8.3000000e+01   1.8371610e-06
   8.4000000e+01  -1.6772463e-05
   8.5000000e+01   3.6354117e-06
   8.6000000e+01   1.5655149e-05
   8.7000000e+01   8.2374806e-06
   8.8000000e+01  -1.5186674e-06
   8.9000000e+01  -1.5671650e-05
   9.0000000e+01  -2.5177969e-06
   9.1000000e+01  -1.5664986e-05
   9.2000000e+01   1.7736204e-05
   9.3000000e+01   1.5907289e-05
   9.4000000e+01   1.3039696e-05
   9.5000000e+01  -2.9442775e-06
   9.6000000e+01  -3.6726724e-05
   9.7000000e+01  -2.4479179e-05
   9.8000000e+01   1.2670023e-05
   9.9000000e+01   4.0262139e-05
   1.0000000e+02   1.0138470e-05
   1.0100000e+02  -1.2837838e-05
   1.0200000e+02  -2.0291384e-05
   1.0300000e+02  -3.0130301e-06
   1.0400000e+02   1.1125182e-05
   1.0500000e+02   1.4733264e-06
   1.0600000e+02   2.0765025e-05
   1.0700000e+02  -1.6015346e-05
   1.0800000e+02  -2.9436029e-06
   1.0900000e+02   4.5134611e-06
   1.1000000e+02  -2.1652574e-05
   1.1100000e+02   8.9317970e-06
   1.1200000e+02   3.6125004e-06
   1.1300000e+02  -4.3672757e-06
   1.1400000e+02   4.2975531e-06
   1.1500000e+02   1.1604759e-05
   1.1600000e+02   4.8855182e-06
   1.1700000e+02  -1.3126131e-05
   1.1800000e+02   3.1498439e-06
   1.1900000e+02   1.6487134e-05
   1.2000000e+02  -1.2912223e-05
   1.2100000e+02  -2.1121480e-05
   1.2200000e+02  -1.0894752e-05
   1.2300000e+02   8.4014433e-06
   1.2400000e+02   3.8351830e-05
   1.2500000e+02   1.0249186e-05
   1.2600000e+02  -3.4537501e-05
   1.2700000e+02  -3.6568693e-05
   1.2800000e+02   2.4711604e-05
   1.2900000e+02   5.5837875e-05
   1.3000000e+02  -1.4879612e-06
   1.3100000e+02  -3.4121504e-05
   1.3200000e+02  -3.1692941e-05
   1.3300000e+02   1.9177491e-05
   1.3400000e+02   1.8830481e-05
   1.3500000e+02   1.6182092e-05
   1.3600000e+02  -2.2754279e-05
   1.3700000e+02  -8.5016865e-06
   1.3800000e+02  -2.4321635e-06
   1.3900000e+02   2.6395339e-05
   1.4000000e+02  -7.9606247e-06
   1.4100000e+02  -1.6409013e-05
   1.4200000e+02  -9.4143711e-06
   1.4300000e+02   2.8623377e-05
   1.4400000e+02   1.7088671e-05
   1.4500000e+02  -2.1395220e-05
   1.4600000e+02  -2.2476997e-05
   1.4700000e+02  -1.0421289e-05
   1.4800000e+02   3.6074280e-05
   1.4900000e+02   2.7328650e-05
   1.5000000e+02  -3.3208935e-05
   1.5100000e+02  -4.6135944e-05
   1.5200000e+02   1.1258891e-05
   1.5300000e+02   4.5121363e-05
   1.5400000e+02   1.6838579e-05
   1.5500000e+02  -3.7083683e-05
   1.5600000e+02  -3.0408808e-05
   1.5700000e+02   2.4059597e-05
   1.5800000e+02   7.5114822e-06
   1.5900000e+02  -3.4350885e-06
   1.6000000e+02   1.4967310e-05
   1.6100000e+02  -1.9724807e-05
   1.6200000e+02  -1.0043843e-06
   1.6300000e+02   1.6772416e-05
   1.6400000e+02   5.5867192e-06
   1.6500000e+02  -3.7079213e-05
   1.6600000e+02   5.3035804e-06
   1.6700000e+02   5.5167436e-05
   1.6800000e+02  -2.7237207e-05
   1.6900000e+02   1.4653225e-06
   1.7000000e+02   1.3873125e-06
   1.7100000e+02  -2.2536762e-05
   1.7200000e+02  -2.5543519e-05
   1.7300000e+02   2.1116268e-05
   1.7400000e+02   5.5234473e-05
   1.7500000e+02  -2.4158396e-05
   1.7600000e+02  -2.4351003e-05
   1.7700000e+02  -1.9537767e-05
   1.7800000e+02   4.4467756e-05
   1.7900000e+02   1.0411381e-05
   1.8000000e+02  -2.4230983e-05
   1.8100000e+02  -6.5534775e-06
   1.8200000e+02   7.0848309e-06
   1.8300000e+02   3.1266330e-05
   1.8400000e+02  -1.3759548e-05
   1.8500000e+02  -4.1440115e-05
   1.8600000e+02   1.0733089e-05
   1.8700000e+02   4.5111162e-05
   1.8800000e+02  -2.4317645e-05
   1.8900000e+02  -4.9808632e-06
   1.9000000e+02   1.9545317e-05
   1.9100000e+02  -4.7142895e-05
   1.9200000e+02   1.2694860e-05
   1.9300000e+02   3.5388392e-05
   1.9400000e+02   7.0979129e-06
   1.9500000e+02  -3.1024543e-05
   1.9600000e+02  -1.3676290e-05
   1.9700000e+02   6.5155520e-06
   1.9800000e+02   2.2839772e-05
   1.9900000e+02  -3.2121378e-06
   2.0000000e+02  -1.7125584e-05
   2.0100000e+02   4.3468218e-05
   2.0200000e+02  -9.7974157e-08
   2.0300000e+02  -3.6686327e-05
   2.0400000e+02  -1.7960619e-05
   2.0500000e+02   1.9986577e-05
   2.0600000e+02  -3.1204349e-07
   2.0700000e+02   2.1667559e-06
   2.0800000e+02   8.0376907e-06
   2.0900000e+02   6.7955087e-05
   2.1000000e+02  -5.2667230e-05
   2.1100000e+02  -4.1666823e-05
   2.1200000e+02  -8.7444068e-06
   2.1300000e+02   1.9188270e-05
   2.1400000e+02   4.8496047e-05
   2.1500000e+02  -7.2261326e-06
   2.1600000e+02  -3.0188972e-05
   2.1700000e+02  -6.3344899e-06
   2.1800000e+02   2.8542408e-05
   2.1900000e+02   4.7911118e-07
   2.2000000e+02   1.5301583e-05
   2.2100000e+02  -3.7937211e-05
   2.2200000e+02  -5.0655566e-07
   2.2300000e+02  -1.9199117e-05
   2.2400000e+02   3.3533235e-06
   2.2500000e+02   4.5386215e-05
   2.2600000e+02   7.4477906e-06
   2.2700000e+02  -5.0831271e-06
   2.2800000e+02  -4.7249896e-05
   2.2900000e+02  -7.6567250e-05
   2.3000000e+02   2.7073996e-05
   2.3100000e+02   9.4040095e-05
   2.3200000e+02   9.6229530e-06
   2.3300000e+02  -4.8146285e-05
   2.3400000e+02  -5.6968842e-05
   2.3500000e+02   5.2484059e-05
   2.3600000e+02   2.7469778e-06
   2.3700000e+02   3.8693839e-05
   2.3800000e+02  -1.5718692e-05
   2.3900000e+02  -4.4658659e-05
   2.4000000e+02   3.0653242e-05
   2.4100000e+02   1.6134996e-05
   2.4200000e+02  -4.5585613e-05
   2.4300000e+02   3.9355677e-05
   2.4400000e+02   7.4308598e-05
   2.4500000e+02  -3.7523495e-05
   2.4600000e+02  -6.1398531e-05
   2.4700000e+02   4.2933631e-06
   2.4800000e+02   2.9826960e-05
   2.4900000e+02   2.5296747e-05
   2.5000000e+02  -4.5657548e-05
   2.5100000e+02   2.8770281e-06
   2.5200000e+02   4.8849089e-05
   2.5300000e+02   2.0332174e-05
   2.5400000e+02   1.3310215e-05
   2.5500000e+02  -4.2172499e-05
   2.5600000e+02  -2.2966212e-05
   2.5700000e+02  -2.2642842e-05
   2.5800000e+02  -2.2652289e-05
   2.5900000e+02  -2.4471248e-05
   2.6000000e+02  -7.7362851e-05
   2.6100000e+02   2.0684617e-04
   2.6200000e+02   9.8989256e-05
   2.6300000e+02  -1.6388508e-04
   2.6400000e+02  -7.0695606e-05
   2.6500000e+02   5.1363730e-05
   2.6600000e+02  -8.5522325e-05
   2.6700000e+02  -1.1337967e-05
   2.6800000e+02   1.3026476e-04
   2.6900000e+02   2.8775063e-05
   2.7000000e+02  -6.9399062e-06
   2.7100000e+02  -6.1030103e-05
   2.7200000e+02  -2.2954522e-05
   2.7300000e+02  -6.5496025e-05
   2.7400000e+02   4.1975727e-05
   2.7500000e+02  -6.7985544e-05
   2.7600000e+02   2.5746392e-05
   2.7700000e+02   1.3206220e-04
   2.7800000e+02   1.3360696e-04
   2.7900000e+02  -2.8522145e-05
   2.8000000e+02  -1.5384380e-04
   2.8100000e+02  -1.9769869e-04
   2.8200000e+02   9.5095198e-05
   2.8300000e+02   2.2163746e-04
   2.8400000e+02  -1.0222303e-04
   2.8500000e+02  -1.2014797e-04
   2.8600000e+02   1.7759209e-04
   2.8700000e+02   1.9061423e-04
   2.8800000e+02  -3.6169130e-04
   2.8900000e+02  -6.6713315e-05
   2.9000000e+02   7.8521225e-05
   2.9100000e+02   9.3329023e-05
   2.9200000e+02   3.6105893e-04
   2.9300000e+02  -2.2038522e-04
   2.9400000e+02  -5.7008425e-04
   2.9500000e+02   1.0357611e-04
   2.9600000e+02   4.9766981e-04
   2.9700000e+02   2.4910114e-04
   2.9800000e+02   9.0189342e-04
   2.9900000e+02  -3.5015573e-03
